1548147491714724779
1548147491764684916
1548147491814644814
1548147491864604712
1548147491914564848
1548147491964524746
1548147492014494896
1548147492064454794
1548147492114414930
1548147492164374828
1548147492214334726
1548147492264294863
1548147492314254761
1548147492364214897
1548147492414174795
1548147492464134693
1548147492514094830
1548147492564054728
1548147492614014864
1548147492663974762
1548147492713934898
1548147492763894796
1548147492813854694
1548147492863824844
1548147492913784742
1548147492963744879
1548147493013704777
1548147493063664675
1548147493113624811
1548147493163584709
1548147493213544846
1548147493263504744
1548147493313464880
1548147493363424778
1548147493413384676
1548147493463344812
1548147493513304710
1548147493563264847
1548147493613224745
1548147493663184881
1548147493713154793
1548147493763114691
1548147493813074827
1548147493863034725
1548147493912994862
1548147493962954760
1548147494012914658
1548147494062874794
1548147494112834692
1548147494162794828
1548147494212754726
1548147494262724876
1548147494312674761
1548147494362634659
1548147494412594795
1548147494462554693
1548147494512524843
1548147494562484741
1548147494612444639
1548147494662404776
1548147494712364674
1548147494762324810
1548147494812284708
1548147494862244844
1548147494912204742
1548147494962164640
1548147495012124777
1548147495062084675
1548147495112044811
1548147495162004709
1548147495211964846
1548147495261924744
1548147495311884642
1548147495361844778
1548147495411814690
1548147495461774826
1548147495511734724
1548147495561694622
1548147495611654758
1548147495661614656
1548147495711574793
1548147495761534691
1548147495811494827
1548147495861454725
1548147495911414623
1548147495961374760
1548147496011334658
1548147496061294794
1548147496111254692
1548147496161214828
1548147496211174726
1548147496261134624
1548147496311104774
1548147496361064672
1548147496411024809
1548147496460984707
1548147496510944605
1548147496560904741
1548147496610864639
1548147496660824776
1548147496710784674
1548147496760744810
1548147496810704708
1548147496860664606
1548147496910624743
1548147496960584641
1548147497010544777
1548147497060504675
1548147497110464573
1548147497160434723
1548147497210394621
1548147497260354757
1548147497310314655
1548147497360274792
1548147497410234690
1548147497460194588
1548147497510154724
1548147497560114622
1548147497610074759
1548147497660034657
1548147497709994793
1548147497759954691
1548147497809914589
1548147497859874725
1548147497909834623
1548147497959794760
1548147498009764671
1548147498059724569
1548147498109684706
1548147498159644604
1548147498209604740
1548147498259564638
1548147498309524775
1548147498359484673
1548147498409444571
1548147498459404707
1548147498509364605
1548147498559324741
1548147498609284639
1548147498659244537
1548147498709204674
1548147498759164572
1548147498809124708
1548147498859084606
1548147498909044743
1548147498959014654
1548147499008974552
1548147499058934689
1548147499108894587
1548147499158854723
1548147499208814621
1548147499258774519
1548147499308734655
1548147499358694553
1548147499408654690
1548147499458614588
1548147499508574724
1548147499558534622
1548147499608494520
1548147499658454657
1548147499708414555
1548147499758374691
1548147499808344603
1548147499858304739
1548147499908264637
1548147499958224535
1548147500008184671
1548147500058144569
1548147500108104706
1548147500158064604
1548147500208024502
1548147500257984638
1548147500307944536
1548147500357904673
1548147500407864571
1548147500457824707
1548147500507784605
1548147500557744503
1548147500607704639
1548147500657674551
1548147500707634687
1548147500757594585
1548147500807554483
1548147500857514620
1548147500907474518
1548147500957434654
1548147501007394552
1548147501057354689
1548147501107314587
1548147501157274485
1548147501207234621
1548147501257194519
1548147501307154655
1548147501357114553
1548147501407074690
1548147501457044601
1548147501507004499
1548147501556964636
1548147501606924534
1548147501656884670
1548147501706844568
1548147501756804466
1548147501806764603
1548147501856724501
1548147501906684637
1548147501956644535
1548147502006604671
1548147502056564569
1548147502106524467
1548147502156484604
1548147502206444502
1548147502256404638
1548147502306364536
1548147502356324673
1548147502406294584
1548147502456254482
1548147502506214619
1548147502556174517
1548147502606134653
1548147502656094551
1548147502706054449
1548147502756014585
1548147502805974483
1548147502855934620
1548147502905894518
1548147502955854654
1548147503005814552
1548147503055774450
1548147503105734587
1548147503155694485
1548147503205654621
1548147503255624533
1548147503305584431
1548147503355544567
1548147503405504465
1548147503455464602
1548147503505424500
1548147503555384636
1548147503605344534
1548147503655304432
1548147503705264568
1548147503755224466
1548147503805184603
1548147503855144501
1548147503905104637
1548147503955064535
1548147504005024433
1548147504054984570
1548147504104954481
1548147504154914618
1548147504204874516
1548147504254834414
1548147504304794550
1548147504354754448
1548147504404714584
1548147504454674482
1548147504504634619
1548147504554594517
1548147504604554415
1548147504654514551
1548147504704474449
1548147504754434586
1548147504804394484
1548147504854354382
1548147504904314518
1548147504954274416
1548147505004234552
1548147505054204464
1548147505104164600
1548147505154124498
1548147505204084396
1548147505254044533
1548147505304004431
1548147505353964567
1548147505403924465
1548147505453884363
1548147505503844500
1548147505553804398
1548147505603764534
1548147505653724432
1548147505703684568
1548147505753644466
1548147505803604364
1548147505853564501
1548147505903534412
1548147505953494549
1548147506003454447
1548147506053414583
1548147506103374481
1548147506153334379
1548147506203294516
1548147506253254414
1548147506303214550
1548147506353174448
1548147506403134346
1548147506453094482
1548147506503054380
1548147506553014517
1548147506602974415
1548147506652934551
1548147506702904463
1548147506752864361
1548147506802824497
1548147506852784395
1548147506902744532
1548147506952704430
1548147507002664328
1548147507052624464
1548147507102584362
1548147507152544498
1548147507202504396
1548147507252464533
1548147507302424431
1548147507352384329
1548147507402344465
1548147507452304363
1548147507502264500
1548147507552234411
1548147507602194309
1548147507652154446
1548147507702114344
1548147507752074480
1548147507802034378
1548147507851994514
1548147507901954412
1548147507951914310
1548147508001874447
1548147508051834345
1548147508101794481
1548147508151754379
1548147508201714516
1548147508251674414
1548147508301634312
1548147508351594448
1548147508401554346
1548147508451524496
1548147508501484394
1548147508551444292
1548147508601404428
1548147508651364326
1548147508701324463
1548147508751284361
1548147508801244497
1548147508851204395
1548147508901164293
1548147508951124430
1548147509001084328
1548147509051044464
1548147509101004362
1548147509150964499
1548147509200924397
1548147509250884295
1548147509300844431
1548147509350814342
1548147509400774479
1548147509450734377
1548147509500694275
1548147509550654411
1548147509600614309
1548147509650574446
1548147509700534344
1548147509750494480
1548147509800454378
1548147509850414276
1548147509900374413
1548147509950334311
1548147510000294447
1548147510050254345
1548147510100214481
1548147510150174379
1548147510200134277
1548147510250104427
1548147510300064325
1548147510350024462
1548147510399984360
1548147510449944258
1548147510499904394
1548147510549864292
1548147510599824429
1548147510649784327
1548147510699744463
1548147510749704361
1548147510799664259
1548147510849624395
1548147510899584293
1548147510949544430
1548147510999504328
1548147511049464226
1548147511099424362
1548147511149394274
1548147511199354410
1548147511249314308
1548147511299274445
1548147511349234343
1548147511399194241
1548147511449154377
1548147511499114275
1548147511549074411
1548147511599034309
1548147511648994207
1548147511698954344
1548147511748914242
1548147511798874378
1548147511848834276
1548147511898794413
1548147511948754311
1548147511998724222
1548147512048684359
1548147512098644257
1548147512148604393
1548147512198564291
1548147512248524427
1548147512298484325
1548147512348444223
1548147512398404360
1548147512448364258
1548147512498324394
1548147512548284292
1548147512598244190
1548147512648204327
1548147512698164225
1548147512748124361
1548147512798094273
1548147512848054409
1548147512898014307
1548147512947974205
1548147512997934341
1548147513047894239
1548147513097854376
1548147513147814274
1548147513197774172
1548147513247734308
1548147513297694206
1548147513347654343
1548147513397614241
1548147513447574377
1548147513497534275
1548147513547494173
1548147513597454309
1548147513647424221
1548147513697384357
1548147513747334242
1548147513797304153
1548147513847264290
1548147513897224188
1548147513947184324
1548147513997144222
1548147514047104359
1548147514097064257
1548147514147024155
1548147514196984291
1548147514246944189
1548147514296904325
1548147514346864223
1548147514396824360
1548147514446784258
1548147514496744156
1548147514546714306
1548147514596674204
1548147514646634340
1548147514696594238
1548147514746554136
1548147514796514273
1548147514846474171
1548147514896434307
1548147514946394205
1548147514996354342
1548147515046314240
1548147515096274137
1548147515146234274
1548147515196194172
1548147515246154308
1548147515296114206
1548147515346074343
1548147515396034241
1548147515446004152
1548147515495964289
1548147515545924187
1548147515595884323
1548147515645844221
1548147515695804119
1548147515745764256
1548147515795724154
1548147515845684290
1548147515895644188
1548147515945604324
1548147515995564222
1548147516045524120
1548147516095484257
1548147516145444155
1548147516195404291
1548147516245364189
1548147516295334101
1548147516345294237
1548147516395254135
1548147516445214272
1548147516495174170
1548147516545134306
1548147516595094204
1548147516645054102
1548147516695014238
1548147516744974136
1548147516794934273
1548147516844894171
1548147516894854307
1548147516944814205
1548147516994774103
1548147517044734240
1548147517094694138
1548147517144654274
1548147517194614172
1548147517244584084
1548147517294544220
1548147517344504118
1548147517394464254
1548147517444424152
1548147517494384289
1548147517544344187
1548147517594304085
1548147517644264221
1548147517694224119
1548147517744184256
1548147517794144154
1548147517844104052
1548147517894064188
1548147517944024086
1548147517993984222
1548147518043944120
1548147518093914270
1548147518143874168
1548147518193834066
1548147518243794203
1548147518293754101
1548147518343714237
1548147518393674135
1548147518443634033
1548147518493594170
1548147518543554068
1548147518593514204
1548147518643474102
1548147518693434238
1548147518743394136
1548147518793354034
1548147518843314171
1548147518893284082
1548147518943244219
1548147518993204117
1548147519043164253
1548147519093124151
1548147519143084049
1548147519193044186
1548147519243004084
1548147519292964220
1548147519342924118
1548147519392884016
1548147519442844152
1548147519492804050
1548147519542764187
1548147519592724085
1548147519642684221
1548147519692644119
1548147519742614031
1548147519792574167
1548147519842534065
1548147519892494202
1548147519942454100
1548147519992413998
1548147520042374134
1548147520092334032
1548147520142294168
1548147520192254066
1548147520242214203
1548147520292174101
1548147520342133999
1548147520392094135
1548147520442054033
1548147520492014170
1548147520541974068
1548147520591934204
1548147520641904116
1548147520691864014
1548147520741824150
1548147520791784048
1548147520841744184
1548147520891704082
1548147520941663980
1548147520991624117
1548147521041584015
1548147521091544151
1548147521141504049
1548147521191464186
1548147521241424084
1548147521291383982
1548147521341344118
1548147521391304016
1548147521441264153
1548147521491224051
1548147521541193962
1548147521591154099
1548147521641113997
1548147521691074133
1548147521741034031
1548147521790994167
1548147521840954065
1548147521890913963
1548147521940874100
1548147521990833998
1548147522040794134
1548147522090754032
1548147522140714169
1548147522190674067
1548147522240633965
1548147522290594101
1548147522340553999
1548147522390524149
1548147522440484047
1548147522490443945
1548147522540404081
1548147522590363979
1548147522640324116
1548147522690284014
1548147522740244150
1548147522790204048
1548147522840163946
1548147522890124083
1548147522940083981
1548147522990044117
1548147523040004015
1548147523089964151
1548147523139924049
1548147523189883947
1548147523239854097
1548147523289813995
1548147523339774132
1548147523389734030
1548147523439693928
1548147523489654064
1548147523539613962
1548147523589574099
1548147523639533997
1548147523689494133
1548147523739454031
1548147523789413929
1548147523839374065
1548147523889333963
1548147523939294100
1548147523989253998
1548147524039213896
1548147524089184046
1548147524139133930
1548147524189104080
1548147524239063978
1548147524289024115
1548147524338984013
1548147524388943911
1548147524438904047
1548147524488863945
1548147524538824081
1548147524588783979
1548147524638743877
1548147524688704014
1548147524738663912
1548147524788624048
1548147524838583946
1548147524888544083
1548147524938503981
1548147524988473892
1548147525038434029
1548147525088393927
1548147525138354063
1548147525188313961
1548147525238274097
1548147525288233995
1548147525338193893
1548147525388154030
1548147525438113928
1548147525488074064
1548147525538033962
1548147525587993860
1548147525637953997
1548147525687913895
1548147525737874031
1548147525787833929
1548147525837804079
1548147525887763977
1548147525937723875
1548147525987684011
1548147526037643909
1548147526087604046
1548147526137563944
1548147526187523842
1548147526237483978
1548147526287443876
1548147526337404013
1548147526387363911
1548147526437324047
1548147526487283945
1548147526537243843
1548147526587203979
1548147526637163877
1548147526687124014
1548147526737093925
1548147526787053823
1548147526837013960
1548147526886973858
1548147526936933994
1548147526986893892
1548147527036854029
1548147527086813927
1548147527136773825
1548147527186733961
1548147527236693859
1548147527286653996
1548147527336613894
1548147527386574030
1548147527436533928
1548147527486493826
1548147527536453962
1548147527586413860
1548147527636384010
1548147527686343908
1548147527736303806
1548147527786263943
1548147527836223841
1548147527886183977
1548147527936143875
1548147527986104012
1548147528036063910
1548147528086023808
1548147528135983944
1548147528185943842
1548147528235903978
1548147528285863876
1548147528335824013
1548147528385783911
1548147528435743809
1548147528485713959
1548147528535673857
1548147528585633993
1548147528635593891
1548147528685553789
1548147528735513926
1548147528785473824
1548147528835433960
1548147528885393858
1548147528935353994
1548147528985313892
1548147529035273790
1548147529085233927
1548147529135193825
1548147529185153961
1548147529235113859
1548147529285073996
1548147529335043907
1548147529385003805
1548147529434963942
1548147529484923840
1548147529534883976
1548147529584843874
1548147529634803772
1548147529684763908
1548147529734723806
1548147529784683943
1548147529834643841
1548147529884603977
1548147529934563875
1548147529984523773
1548147530034483910
1548147530084443808
1548147530134403944
1548147530184363842
1548147530234323740
1548147530284293890
1548147530334253788
1548147530384213924
1548147530434173822
1548147530484133959
1548147530534093857
1548147530584053755
1548147530634013891
1548147530683973789
1548147530733933926
1548147530783893824
1548147530833853722
1548147530883813858
1548147530933773756
1548147530983733892
1548147531033693790
1548147531083653927
1548147531133623838
1548147531183583736
1548147531233543873
1548147531283503771
1548147531333463907
1548147531383423805
1548147531433383942
1548147531483343840
1548147531533303738
1548147531583263874
1548147531633223772
1548147531683183908
1548147531733143806
1548147531783103704
1548147531833063841
1548147531883023739
1548147531932993889
1548147531982953787
1548147532032913923
1548147532082873821
1548147532132833719
1548147532182793856
1548147532232753754
1548147532282713890
1548147532332673788
1548147532382633686
1548147532432593822
1548147532482553720
1548147532532513857
1548147532582473755
1548147532632433891
1548147532682393789
1548147532732353687
1548147532782323837
1548147532832283735
1548147532882233858
1548147532932203770
1548147532982163668
1548147533032123804
1548147533082083702
1548147533132043839
1548147533182003736
1548147533231963873
1548147533281923771
1548147533331883669
1548147533381843805
1548147533431803703
1548147533481763840
1548147533531723738
1548147533581683874
1548147533631643772
1548147533681603670
1548147533731573820
1548147533781533718
1548147533831493855
1548147533881453753
1548147533931413651
1548147533981373787
1548147534031333685
1548147534081293821
1548147534131253719
1548147534181213856
1548147534231173754
1548147534281133652
1548147534331093788
1548147534381053686
1548147534431013823
1548147534480973721
1548147534530933857
1548147534580903769
1548147534630863667
1548147534680823803
1548147534730783701
1548147534780743837
1548147534830703735
1548147534880663633
1548147534930623770
1548147534980583668
1548147535030543804
1548147535080503702
1548147535130463839
1548147535180423737
1548147535230383635
1548147535280343771
1548147535330303669
1548147535380263805
1548147535430233717
1548147535480193615
1548147535530153751
1548147535580113649
1548147535630073786
1548147535680033684
1548147535729993820
1548147535779953718
1548147535829913616
1548147535879873753
1548147535929833651
1548147535979793787
1548147536029753685
1548147536079713821
1548147536129673719
1548147536179633617
1548147536229593754
1548147536279563665
1548147536329513788
1548147536379483700
1548147536429443598
1548147536479403734
1548147536529363632
1548147536579323769
1548147536629283667
1548147536679243803
1548147536729203701
1548147536779163599
1548147536829123735
1548147536879083633
1548147536929043770
1548147536979003668
1548147537028963566
1548147537078923702
1548147537128883600
1548147537178843737
1548147537228813648
1548147537278773785
1548147537328733683
1548147537378693581
1548147537428653717
1548147537478613615
1548147537528573751
1548147537578533649
1548147537628493786
1548147537678453684
1548147537728413582
1548147537778373718
1548147537828333616
1548147537878293753
1548147537928253651
1548147537978213549
1548147538028183699
1548147538078143597
1548147538128103733
1548147538178063631
1548147538228023767
1548147538277983665
1548147538327943563
1548147538377903700
1548147538427863598
1548147538477823734
1548147538527783632
1548147538577743530
1548147538627703667
1548147538677663565
1548147538727623701
1548147538777583599
1548147538827543736
1548147538877503633
1548147538927473545
1548147538977433681
1548147539027393579
1548147539077353716
1548147539127313614
1548147539177273512
1548147539227233648
1548147539277193546
1548147539327153683
1548147539377113581
1548147539427073717
1548147539477033615
1548147539526993513
1548147539576953650
1548147539626913548
1548147539676873684
1548147539726833582
1548147539776803732
1548147539826763630
1548147539876723528
1548147539926683664
1548147539976643562
1548147540026603699
1548147540076563597
1548147540126523495
1548147540176483631
1548147540226443529
1548147540276403666
1548147540326363564
1548147540376323700
1548147540426283598
1548147540476243496
1548147540526203632
1548147540576163530
1548147540626123667
1548147540676093578
1548147540726053476
1548147540776013613
1548147540825973511
1548147540875933647
1548147540925893545
1548147540975853682
1548147541025813580
1548147541075773478
1548147541125733614
1548147541175693512
1548147541225653648
1548147541275613546
1548147541325573683
1548147541375533581
1548147541425493479
1548147541475453615
1548147541525423527
1548147541575383663
1548147541625343561
1548147541675303459
1548147541725263596
1548147541775223494
1548147541825183630
1548147541875143528
1548147541925103664
1548147541975063562
1548147542025023460
1548147542074983597
1548147542124943495
1548147542174903631
1548147542224863529
1548147542274823666
1548147542324783564
1548147542374753475
1548147542424703598
1548147542474673510
1548147542524633646
1548147542574593544
1548147542624553442
1548147542674513578
1548147542724473476
1548147542774433613
1548147542824393511
1548147542874353647
1548147542924313545
1548147542974273443
1548147543024233580
1548147543074193478
1548147543124153614
1548147543174113512
1548147543224083424
1548147543274033546
1548147543324003458
1548147543373963594
1548147543423923492
1548147543473883629
1548147543523843527
1548147543573803425
1548147543623763561
1548147543673723459
1548147543723683596
1548147543773643494
1548147543823603630
1548147543873563528
1548147543923523426
1548147543973483562
1548147544023443460
1548147544073403597
1548147544123373508
1548147544173333406
1548147544223293543
1548147544273253441
1548147544323213577
1548147544373173475
1548147544423133612
1548147544473093510
1548147544523053408
1548147544573013544
1548147544622973442
1548147544672933578
1548147544722893476
1548147544772853374
1548147544822813511
1548147544872773409
1548147544922733545
1548147544972703457
1548147545022663593
1548147545072623491
1548147545122583389
1548147545172543526
1548147545222503424
1548147545272463560
1548147545322423458
1548147545372383356
1548147545422343493
1548147545472303391
1548147545522263527
1548147545572223425
1548147545622183561
1548147545672143459
1548147545722103357
1548147545772063494
1548147545822023392
1548147545871993542
1548147545921953440
1548147545971913338
1548147546021873474
1548147546071833372
1548147546121793509
1548147546171753407
1548147546221713543
1548147546271673441
1548147546321633339
1548147546371593475
1548147546421553373
1548147546471513510
1548147546521473408
1548147546571433544
1548147546621393442
1548147546671353340
1548147546721313477
1548147546771283388
1548147546821243525
1548147546871203423
1548147546921163321
1548147546971123457
1548147547021083355
1548147547071043491
1548147547121003389
1548147547170963526
1548147547220923424
1548147547270883322
1548147547320843458
1548147547370803356
1548147547420763493
1548147547470723391
1548147547520683527
1548147547570643425
1548147547620613337
1548147547670573473
1548147547720533371
1548147547770493507
1548147547820453405
1548147547870413303
1548147547920373440
1548147547970333338
1548147548020293474
1548147548070253372
1548147548120213509
1548147548170173407
1548147548220133305
1548147548270093441
1548147548320053339
1548147548370013475
1548147548419973373
1548147548469943285
1548147548519893408
1548147548569863319
1548147548619823456
1548147548669783354
1548147548719743490
1548147548769703388
1548147548819663286
1548147548869623423
1548147548919583321
1548147548969543457
1548147549019503355
1548147549069463491
1548147549119423389
1548147549169383287
1548147549219343424
1548147549269303322
1548147549319273472
1548147549369223356
1548147549419193268
1548147549469153404
1548147549519113302
1548147549569073439
1548147549619033337
1548147549668993473
1548147549718953371
1548147549768913269
1548147549818873405
1548147549868833303
1548147549918793440
1548147549968753338
1548147550018713236
1548147550068673372
1548147550118633270
1548147550168593407
1548147550218553305
1548147550268523455
1548147550318483353
1548147550368443251
1548147550418403387
1548147550468363285
1548147550518323421
1548147550568283319
1548147550618243456
1548147550668203354
1548147550718163252
1548147550768123388
1548147550818083286
1548147550868043423
1548147550918003321
1548147550967963219
1548147551017923355
1548147551067893267
1548147551117853403
1548147551167813301
1548147551217773438
1548147551267733335
1548147551317693233
1548147551367653370
1548147551417613268
1548147551467573404
1548147551517533302
1548147551567493200
1548147551617453337
1548147551667413235
1548147551717373371
1548147551767333269
1548147551817293406
1548147551867253304
1548147551917213202
1548147551967183352
1548147552017133236
1548147552067103386
1548147552117063284
1548147552167023182
1548147552216983318
1548147552266943216
1548147552316903353
1548147552366863251
1548147552416823387
1548147552466783285
1548147552516743183
1548147552566703320
1548147552616663218
1548147552666623354
1548147552716583252
1548147552766543388
1548147552816503286
1548147552866473198
1548147552916433334
1548147552966393232
1548147553016353369
1548147553066313267
1548147553116273165
1548147553166233301
1548147553216193199
1548147553266153336
1548147553316113234
1548147553366073370
1548147553416033268
1548147553465993166
1548147553515953302
1548147553565913200
1548147553615873337
1548147553665833235
1548147553715803146
1548147553765763283
1548147553815723181
1548147553865683317
1548147553915643215
1548147553965603352
1548147554015563250
1548147554065523148
1548147554115483284
1548147554165443182
1548147554215403318
1548147554265363216
1548147554315323353
1548147554365293264
1548147554415243149
1548147554465203285
1548147554515163183
1548147554565133333
1548147554615093231
1548147554665053129
1548147554715013266
1548147554764973164
1548147554814933300
1548147554864893198
1548147554914853334
1548147554964813232
1548147555014773130
1548147555064733267
1548147555114693165
1548147555164653301
1548147555214613199
1548147555264573336
1548147555314533234
1548147555364493132
1548147555414463282
1548147555464413166
1548147555514383316
1548147555564343214
1548147555614303112
1548147555664263248
1548147555714223146
1548147555764183283
1548147555814143181
1548147555864103317
1548147555914063215
1548147555964023113
1548147556013983250
1548147556063943148
1548147556113903284
1548147556163863182
1548147556213833094
1548147556263783216
1548147556313743114
1548147556363713264
1548147556413673162
1548147556463633299
1548147556513593197
1548147556563553095
1548147556613513231
1548147556663473129
1548147556713433266
1548147556763393164
1548147556813353300
1548147556863313198
1548147556913273096
1548147556963233232
1548147557013193130
1548147557063153267
1548147557113113165
1548147557163083076
1548147557213043213
1548147557263003111
1548147557312963247
1548147557362923145
1548147557412883282
1548147557462843180
1548147557512803078
1548147557562763214
1548147557612723112
1548147557662683249
1548147557712643147
1548147557762603045
1548147557812563181
1548147557862523079
1548147557912483215
1548147557962443113
1548147558012413263
1548147558062373161
1548147558112333059
1548147558162293196
1548147558212253094
1548147558262213230
1548147558312173128
1548147558362133026
1548147558412093163
1548147558462053061
1548147558512013197
1548147558561973095
1548147558611933231
1548147558661893129
1548147558711853027
1548147558761813164
1548147558811773062
1548147558861733198
1548147558911693096
1548147558961663246
1548147559011623144
1548147559061583042
1548147559111543179
1548147559161503077
1548147559211463213
1548147559261423111
1548147559311383009
1548147559361343145
1548147559411303043
1548147559461263180
1548147559511223078
1548147559561183214
1548147559611143112
1548147559661103010
1548147559711063147
1548147559761023045
1548147559810993195
1548147559860953093
1548147559910912991
1548147559960873127
1548147560010833025
1548147560060793161
1548147560110753059
1548147560160713196
1548147560210673094
1548147560260632992
1548147560310593128
1548147560360553026
1548147560410513163
1548147560460473061
1548147560510433197
1548147560560393095
1548147560610352993
1548147560660323143
1548147560710283041
1548147560760243177
1548147560810203075
1548147560860162973
1548147560910123110
1548147560960083008
1548147561010043144
1548147561060003042
1548147561109963179
1548147561159923077
1548147561209882975
1548147561259843111
1548147561309803009
1548147561359763145
1548147561409723043
1548147561459692955
1548147561509653091
1548147561559602976
1548147561609573126
1548147561659533024
1548147561709493160
1548147561759453058
1548147561809412956
1548147561859373093
1548147561909332991
1548147561959293127
1548147562009253025
1548147562059213161
1548147562109173059
1548147562159132957
1548147562209093094
1548147562259052992
1548147562309013128
1548147562358983040
1548147562408932924
1548147562458903074
1548147562508862972
1548147562558823109
1548147562608783007
1548147562658743143
1548147562708703041
1548147562758662939
1548147562808623075
1548147562858582973
1548147562908543110
1548147562958503008
1548147563008463144
1548147563058423042
1548147563108382940
1548147563158343077
1548147563208302975
1548147563258273125
1548147563308233023
1548147563358192921
1548147563408153057
1548147563458112955
1548147563508073092
1548147563558032990
1548147563607993126
1548147563657953024
1548147563707912922
1548147563757873058
1548147563807832956
1548147563857793093
1548147563907752991
1548147563957712889
1548147564007673025
1548147564057632923
1548147564107603073
1548147564157562971
1548147564207523108
1548147564257483006
1548147564307442904
1548147564357403040
1548147564407362938
1548147564457323074
1548147564507282972
1548147564557242870
1548147564607203007
1548147564657162905
1548147564707123041
1548147564757082939
1548147564807043076
1548147564857002974
1548147564906962872
1548147564956923008
1548147565006882906
1548147565056853056
1548147565106812954
1548147565156773090
1548147565206732988
1548147565256692886
1548147565306653023
1548147565356612921
1548147565406573057
1548147565456532955
1548147565506492853
1548147565556452990
1548147565606412888
1548147565656373024
1548147565706332922
1548147565756293058
1548147565806252956
1548147565856212854
1548147565906183004
1548147565956142902
1548147566006103039
1548147566056062937
1548147566106022835
1548147566155982971
1548147566205942869
1548147566255903006
1548147566305862904
1548147566355823040
1548147566405782938
1548147566455742836
1548147566505702972
1548147566555662870
1548147566605623007
1548147566655582905
1548147566705552816
1548147566755512953
1548147566805472851
1548147566855432987
1548147566905392885
1548147566955353022
1548147567005312920
1548147567055272818
1548147567105232954
1548147567155192852
1548147567205152988
1548147567255112886
1548147567305073023
1548147567355032921
1548147567404992819
1548147567454952955
1548147567504912853
1548147567554872990
1548147567604842901
1548147567654793024
1548147567704762936
1548147567754722834
1548147567804682970
1548147567854642868
1548147567904603004
1548147567954562902
1548147568004522800
1548147568054482937
1548147568104442835
1548147568154402971
1548147568204362869
1548147568254323006
1548147568304282904
1548147568354242802
1548147568404202938
1548147568454172850
1548147568504122972
1548147568554092884
1548147568604052782
1548147568654012918
1548147568703972816
1548147568753932953
1548147568803892851
1548147568853852987
1548147568903812885
1548147568953772783
1548147569003732920
1548147569053692818
1548147569103652954
1548147569153612852
1548147569203572989
1548147569253532887
1548147569303492785
1548147569353462934
1548147569403422832
1548147569453382969
1548147569503342867
1548147569553302765
1548147569603262901
1548147569653222799
1548147569703182936
1548147569753142834
1548147569803102970
1548147569853062868
1548147569903022766
1548147569952982903
1548147570002942801
1548147570052902937
1548147570102862835
1548147570152822733
1548147570202792883
1548147570252752781
1548147570302712917
1548147570352672815
1548147570402632952
1548147570452592850
1548147570502552748
1548147570552512884
1548147570602472782
1548147570652432919
1548147570702392817
1548147570752352715
1548147570802312851
1548147570852272749
1548147570902232885
1548147570952192783
1548147571002152920
1548147571052122831
1548147571102082729
1548147571152042866
1548147571202002764
1548147571251962900
1548147571301922798
1548147571351882935
1548147571401842833
1548147571451802731
1548147571501762867
1548147571551722765
1548147571601682901
1548147571651642799
1548147571701602697
1548147571751562834
1548147571801522732
1548147571851482868
1548147571901442766
1548147571951402903
1548147572001372814
1548147572051332712
1548147572101292849
1548147572151252747
1548147572201212883
1548147572251172781
1548147572301132679
1548147572351092815
1548147572401052713
1548147572451012850
1548147572500972748
1548147572550932884
1548147572600892782
1548147572650852680
1548147572700812817
1548147572750772715
1548147572800732851
1548147572850702763
1548147572900662661
1548147572950622797
1548147573000582695
1548147573050542831
1548147573100502729
1548147573150462866
1548147573200422764
1548147573250382662
1548147573300342798
1548147573350302696
1548147573400262833
1548147573450222731
1548147573500182867
1548147573550142765
1548147573600102663
1548147573650062799
1548147573700032711
1548147573749982834
1548147573799952745
1548147573849912643
1548147573899872780
1548147573949832678
1548147573999792814
1548147574049752712
1548147574099712849
1548147574149672747
1548147574199632645
1548147574249592781
1548147574299552679
1548147574349512815
1548147574399472713
1548147574449432850
1548147574499392748
1548147574549362659
1548147574599312782
1548147574649282694
1548147574699242830
1548147574749202728
1548147574799162626
1548147574849122763
1548147574899082661
1548147574949042797
1548147574999002695
1548147575048962831
1548147575098922729
1548147575148882627
1548147575198842764
1548147575248802662
1548147575298762798
1548147575348722696
1548147575398682594
1548147575448642731
1548147575498612642
1548147575548572779
1548147575598532677
1548147575648492813
1548147575698452711
1548147575748412609
1548147575798372746
1548147575848332644
1548147575898292780
1548147575948252678
1548147575998212814
1548147576048172712
1548147576098132610
1548147576148092747
1548147576198052645
1548147576248012781
1548147576297982693
1548147576347942591
1548147576397902727
1548147576447862625
1548147576497822762
1548147576547782660
1548147576597742796
1548147576647702694
1548147576697662592
1548147576747622728
1548147576797582626
1548147576847542763
1548147576897502661
1548147576947462559
1548147576997422695
1548147577047382593
1548147577097342730
1548147577147312641
1548147577197272778
1548147577247232676
1548147577297192574
1548147577347152710
1548147577397112608
1548147577447072744
1548147577497032642
1548147577546992540
1548147577596952677
1548147577646912575
1548147577696872711
1548147577746832609
1548147577796792746
1548147577846752644
1548147577896712542
1548147577946672678
1548147577996642590
1548147578046592712
1548147578096562624
1548147578146522760
1548147578196482658
1548147578246442556
1548147578296402693
1548147578346362591
1548147578396322727
1548147578446282625
1548147578496242523
1548147578546202660
1548147578596162558
1548147578646122694
1548147578696082592
1548147578746042728
1548147578796002626
1548147578845962524
1548147578895922661
1548147578945892572
1548147578995852709
1548147579045812607
1548147579095772505
1548147579145732641
1548147579195692539
1548147579245652676
1548147579295612574
1548147579345572710
1548147579395532608
1548147579445492506
1548147579495452642
1548147579545412540
1548147579595372677
1548147579645332575
1548147579695292711
1548147579745252609
1548147579795222521
1548147579845182657
1548147579895142555
1548147579945102692
1548147579995062590
1548147580045022488
1548147580094982624
1548147580144942522
1548147580194902658
1548147580244862556
1548147580294822693
1548147580344782591
1548147580394742489
1548147580444702625
1548147580494662523
1548147580544622660
1548147580594582558
1548147580644552469
1548147580694502592
1548147580744472504
1548147580794432640
1548147580844392538
1548147580894352674
1548147580944312572
1548147580994272470
1548147581044232607
1548147581094192505
1548147581144152641
1548147581194112539
1548147581244072676
1548147581294032574
1548147581343992472
1548147581393952608
1548147581443912506
1548147581493882656
1548147581543832541
1548147581593802452
1548147581643762589
1548147581693722486
1548147581743682623
1548147581793642521
1548147581843602657
1548147581893562555
1548147581943522453
1548147581993482590
1548147582043442488
1548147582093402624
1548147582143362522
1548147582193322659
1548147582243282557
1548147582293242455
1548147582343202591
1548147582393172503
1548147582443132639
1548147582493092537
1548147582543052435
1548147582593012571
1548147582642972469
1548147582692932606
1548147582742892504
1548147582792852640
1548147582842812538
1548147582892772436
1548147582942732573
1548147582992692471
1548147583042652607
1548147583092612505
1548147583142572403
1548147583192532539
1548147583242492437
1548147583292462587
1548147583342422485
1548147583392382622
1548147583442342520
1548147583492302418
1548147583542262554
1548147583592222452
1548147583642182589
1548147583692142487
1548147583742102385
1548147583792062521
1548147583842022419
1548147583891982555
1548147583941942453
1548147583991902590
1548147584041862488
1548147584091832399
1548147584141782522
1548147584191752434
1548147584241712570
1548147584291672468
1548147584341632605
1548147584391592503
1548147584441552401
1548147584491512537
1548147584541472435
1548147584591432571
1548147584641392469
1548147584691352367
1548147584741312504
1548147584791272402
1548147584841232538
1548147584891192436
1548147584941152573
1548147584991112471
1548147585041082382
1548147585091042519
1548147585141002417
1548147585190962553
1548147585240922451
1548147585290882349
1548147585340842485
1548147585390802383
1548147585440762520
1548147585490722418
1548147585540682554
1548147585590642452
1548147585640602350
1548147585690562487
1548147585740522385
1548147585790482521
1548147585840442419
1548147585890412331
1548147585940372467
1548147585990332365
1548147586040292501
1548147586090252399
1548147586140212536
1548147586190172434
1548147586240132332
1548147586290092468
1548147586340052366
1548147586390012503
1548147586439972401
1548147586489932537
1548147586539892435
1548147586589852333
1548147586639812469
1548147586689782381
1548147586739742517
1548147586789692402
1548147586839662313
1548147586889622450
1548147586939582348
1548147586989542484
1548147587039502382
1548147587089462519
1548147587139422417
1548147587189382315
1548147587239342451
1548147587289302349
1548147587339262486
1548147587389222383
1548147587439182520
1548147587489142418
1548147587539102316
1548147587589072466
1548147587639022350
1548147587688992500
1548147587738952398
1548147587788912296
1548147587838872433
1548147587888832331
1548147587938792467
1548147587988752365
1548147588038712502
1548147588088672400
1548147588138632298
1548147588188592434
1548147588238552332
1548147588288512468
1548147588338472366
1548147588388432503
1548147588438392401
1548147588488362312
1548147588538322449
1548147588588282347
1548147588638242483
1548147588688202381
1548147588738162279
1548147588788122416
1548147588838082314
1548147588888042450
1548147588938002348
1548147588987962484
1548147589037922382
1548147589087882280
1548147589137842417
1548147589187802315
1548147589237762451
1548147589287722349
1548147589337692261
1548147589387652397
1548147589437612295
1548147589487572432
1548147589537532330
1548147589587492466
1548147589637452364
1548147589687412262
1548147589737372398
1548147589787332296
1548147589837292433
1548147589887252331
1548147589937212229
1548147589987172365
1548147590037132263
1548147590087092400
1548147590137052298
1548147590187022448
1548147590236972332
1548147590286942244
1548147590336902380
1548147590386862278
1548147590436822414
1548147590486782312
1548147590536742449
1548147590586702347
1548147590636662245
1548147590686622381
1548147590736582279
1548147590786542416
1548147590836502314
1548147590886462212
1548147590936422348
1548147590986382246
1548147591036342382
1548147591086302280
1548147591136272430
1548147591186232328
1548147591236192226
1548147591286152363
1548147591336112261
1548147591386072397
1548147591436032295
1548147591485992193
1548147591535952330
1548147591585912228
1548147591635872364
1548147591685832262
1548147591735792398
1548147591785752296
1548147591835712194
1548147591885672331
1548147591935632229
1548147591985602379
1548147592035562277
1548147592085522175
1548147592135482311
1548147592185442209
1548147592235402346
1548147592285362244
1548147592335322380
1548147592385282278
1548147592435242176
1548147592485202312
1548147592535162210
1548147592585122347
1548147592635082245
1548147592685042381
1548147592735002279
1548147592784972191
1548147592834932327
1548147592884892225
1548147592934852362
1548147592984812260
1548147593034772158
1548147593084732294
1548147593134692192
1548147593184652328
1548147593234612226
1548147593284572363
1548147593334532261
1548147593384492159
1548147593434452295
1548147593484412193
1548147593534372330
1548147593584332228
1548147593634292364
1548147593684262276
1548147593734212160
1548147593784182310
1548147593834142208
1548147593884102345
1548147593934062243
1548147593984022141
1548147594033982277
1548147594083942175
1548147594133902311
1548147594183862209
1548147594233822346
1548147594283782244
1548147594333742142
1548147594383702278
1548147594433662176
1548147594483622313
1548147594533592224
1548147594583552122
1548147594633512259
1548147594683472157
1548147594733432293
1548147594783392191
1548147594833352327
1548147594883312225
1548147594933272123
1548147594983232260
1548147595033192158
1548147595083152294
1548147595133112192
1548147595183072329
1548147595233032227
1548147595282992125
1548147595332952261
1548147595382912159
1548147595432882309
1548147595482842207
1548147595532802105
1548147595582762241
1548147595632722139
1548147595682682276
1548147595732642174
1548147595782602310
1548147595832562208
1548147595882522106
1548147595932482243
1548147595982442141
1548147596032402277
1548147596082362175
1548147596132322073
1548147596182282209
1548147596232242107
1548147596282212257
1548147596332172155
1548147596382132292
1548147596432092190
1548147596482052088
1548147596532012224
1548147596581972122
1548147596631932259
1548147596681892157
1548147596731852293
1548147596781812191
1548147596831772089
1548147596881732225
1548147596931692123
1548147596981652260
1548147597031612158
1548147597081572056
1548147597131542206
1548147597181492090
1548147597231462240
1548147597281422138
1548147597331382275
1548147597381342173
1548147597431302071
1548147597481262207
1548147597531222105
1548147597581182241
1548147597631142139
1548147597681102037
1548147597731062174
1548147597781022072
1548147597830982208
1548147597880942106
1548147597930902243
1548147597980862141
1548147598030822039
1548147598080792189
1548147598130752087
1548147598180712223
1548147598230672121
1548147598280632019
1548147598330592155
1548147598380552053
1548147598430512190
1548147598480472088
1548147598530432224
1548147598580392122
1548147598630352020
1548147598680312157
1548147598730272055
1548147598780232191
1548147598830192089
1548147598880152225
1548147598930122137
1548147598980082035
1548147599030042171
1548147599080002069
1548147599129962206
1548147599179922104
1548147599229882002
1548147599279842138
1548147599329802036
1548147599379762173
1548147599429722071
1548147599479682207
1548147599529642105
1548147599579602003
1548147599629562140
1548147599679522038
1548147599729482174
1548147599779452085
1548147599829402208
1548147599879372120
1548147599929332018
1548147599979292154
1548147600029252052
1548147600079212189
1548147600129172087
1548147600179131985
1548147600229092121
1548147600279052019
1548147600329012156
1548147600378972054
1548147600428932190
1548147600478892088
1548147600528851986
1548147600578812122
1548147600628772020
1548147600678732157
1548147600728702068
1548147600778661966
1548147600828622103
1548147600878582001
1548147600928542137
1548147600978502035
1548147601028462172
1548147601078422070
1548147601128381968
1548147601178342104
1548147601228302002
1548147601278262138
1548147601328222036
1548147601378182173
1548147601428142071
1548147601478101969
1548147601528072119
1548147601578032017
1548147601627992153
1548147601677952051
1548147601727911949
1548147601777872086
1548147601827831984
1548147601877792120
1548147601927752018
1548147601977712154
1548147602027672052
1548147602077631950
1548147602127592087
1548147602177551985
1548147602227512121
1548147602277472019
1548147602327431917
1548147602377402067
1548147602427361965
1548147602477322102
1548147602527282000
1548147602577242136
1548147602627202034
1548147602677161932
1548147602727122068
1548147602777081966
1548147602827042103
1548147602877002001
1548147602926961899
1548147602976922035
1548147603026881933
1548147603076842070
1548147603126801968
1548147603176762104
1548147603226732016
1548147603276681900
1548147603326652050
1548147603376611948
1548147603426572084
1548147603476531982
1548147603526492119
1548147603576452017
1548147603626411915
1548147603676372051
1548147603726331949
1548147603776292086
1548147603826251984
1548147603876211882
1548147603926172018
1548147603976131916
1548147604026092052
1548147604076051950
1548147604126012087
1548147604175981998
1548147604225941896
1548147604275902033
1548147604325861931
1548147604375822067
1548147604425781965
1548147604475741863
1548147604525702000
1548147604575661898
1548147604625622034
1548147604675581932
1548147604725542068
1548147604775501966
1548147604825461864
1548147604875422001
1548147604925381899
1548147604975342035
1548147605025311947
1548147605075271845
1548147605125231981
1548147605175191879
1548147605225152016
1548147605275111914
1548147605325072050
1548147605375031948
1548147605424991846
1548147605474951982
1548147605524911880
1548147605574872017
1548147605624831915
1548147605674792051
1548147605724751949
1548147605774711847
1548147605824681997
1548147605874641895
1548147605924592018
1548147605974561930
1548147606024521828
1548147606074481964
1548147606124441862
1548147606174401999
1548147606224361897
1548147606274322033
1548147606324281931
1548147606374241829
1548147606424201965
1548147606474161863
1548147606524122000
1548147606574081898
1548147606624042034
1548147606674001932
1548147606723971844
1548147606773921967
1548147606823891878
1548147606873852015
1548147606923811913
1548147606973771811
1548147607023731947
1548147607073691845
1548147607123651981
1548147607173611879
1548147607223572016
1548147607273531914
1548147607323491812
1548147607373451948
1548147607423411846
1548147607473371983
1548147607523331881
1548147607573292017
1548147607623261929
1548147607673221827
1548147607723181963
1548147607773141861
1548147607823101997
1548147607873061895
1548147607923021793
1548147607972981930
1548147608022941828
1548147608072901964
1548147608122861862
1548147608172821999
1548147608222781897
1548147608272741795
1548147608322701931
1548147608372661829
1548147608422621965
1548147608472591877
1548147608522551775
1548147608572511911
1548147608622471809
1548147608672431946
1548147608722391844
1548147608772351980
1548147608822311878
1548147608872271776
1548147608922231913
1548147608972191811
1548147609022151947
1548147609072111845
1548147609122071743
1548147609172031879
1548147609221991777
1548147609271951914
1548147609321921825
1548147609371871948
1548147609421841860
1548147609471801758
1548147609521761894
1548147609571721792
1548147609621681929
1548147609671641827
1548147609721601963
1548147609771561861
1548147609821521759
1548147609871481895
1548147609921441793
1548147609971401930
1548147610021361828
1548147610071321726
1548147610121281862
1548147610171241760
1548147610221201897
1548147610271171808
1548147610321131945
1548147610371091843
1548147610421051741
1548147610471011877
1548147610520971775
1548147610570931911
1548147610620891809
1548147610670851707
1548147610720811844
1548147610770771742
1548147610820741892
1548147610870691776
1548147610920651913
1548147610970611811
1548147611020571709
1548147611070531845
1548147611120501757
1548147611170461893
1548147611220421791
1548147611270381689
1548147611320341825
1548147611370301723
1548147611420261860
1548147611470221758
1548147611520181894
1548147611570141792
1548147611620101690
1548147611670061827
1548147611720021725
1548147611769981861
1548147611819941759
1548147611869901896
1548147611919871807
1548147611969831705
1548147612019791842
1548147612069751740
1548147612119711876
1548147612169671774
1548147612219631672
1548147612269591808
1548147612319551706
1548147612369511843
1548147612419471741
1548147612469431877
1548147612519391775
1548147612569351673
1548147612619311810
1548147612669271708
1548147612719231844
1548147612769191742
1548147612819161654
1548147612869111776
1548147612919081688
1548147612969041824
1548147613019001722
1548147613068961859
1548147613118921757
1548147613168881655
1548147613218841791
1548147613268801689
1548147613318761826
1548147613368721724
1548147613418681860
1548147613468641758
1548147613518601656
1548147613568561792
1548147613618521690
1548147613668481827
1548147613718451738
1548147613768411636
1548147613818371773
1548147613868331671
1548147613918291807
1548147613968251705
1548147614018211842
1548147614068171740
1548147614118131638
1548147614168091774
1548147614218051672
1548147614268011808
1548147614317971706
1548147614367931843
1548147614417891741
1548147614467851639
1548147614517811775
1548147614567781687
1548147614617741823
1548147614667701721
1548147614717661619
1548147614767621756
1548147614817581654
1548147614867541790
1548147614917501688
1548147614967461824
1548147615017421722
1548147615067381620
1548147615117341757
1548147615167301655
1548147615217261791
1548147615267221689
1548147615317181587
1548147615367141724
1548147615417111635
1548147615467071772
1548147615517031670
1548147615566991806
1548147615616951704
1548147615666911602
1548147615716871738
1548147615766831636
1548147615816791773
1548147615866751671
1548147615916711807
1548147615966671705
1548147616016631603
1548147616066601753
1548147616116551638
1548147616166511774
1548147616216471672
1548147616266431570
1548147616316391706
1548147616366361618
1548147616416321754
1548147616466281652
1548147616516241789
1548147616566201687
1548147616616161585
1548147616666121721
1548147616716081619
1548147616766041756
1548147616816001654
1548147616865961552
1548147616915921688
1548147616965881586
1548147617015841722
1548147617065801620
1548147617115761757
1548147617165721655
1548147617215691566
1548147617265651703
1548147617315611601
1548147617365571737
1548147617415531635
1548147617465491533
1548147617515451670
1548147617565411568
1548147617615371704
1548147617665331602
1548147617715291739
1548147617765251637
1548147617815211535
1548147617865171671
1548147617915131569
1548147617965091705
1548147618015051603
1548147618065021753
1548147618114981651
1548147618164941549
1548147618214901686
1548147618264861584
1548147618314821720
1548147618364781618
1548147618414741516
1548147618464701653
1548147618514661551
1548147618564621687
1548147618614581585
1548147618664541721
1548147618714501619
1548147618764461517
1548147618814421654
1548147618864381552
1548147618914351702
1548147618964301586
1548147619014271498
1548147619064231634
1548147619114191532
1548147619164151669
1548147619214111567
1548147619264071703
1548147619314031601
1548147619363991499
1548147619413951635
1548147619463911533
1548147619513871670
1548147619563831568
1548147619613791704
1548147619663751602
1548147619713711500
1548147619763671637
1548147619813641548
1548147619863601685
1548147619913561583
1548147619963521481
1548147620013481617
1548147620063441515
1548147620113401651
1548147620163361549
1548147620213321686
1548147620263281584
1548147620313241482
1548147620363201618
1548147620413161516
1548147620463121653
1548147620513081551
1548147620563041687
1548147620613001585
1548147620662971497
1548147620712931633
1548147620762891531
1548147620812851667
1548147620862811565
1548147620912771463
1548147620962731600
1548147621012691498
1548147621062651634
1548147621112611532
1548147621162571669
1548147621212531567
1548147621262491465
1548147621312461615
1548147621362411499
1548147621412371635
1548147621462331533
1548147621512301445
1548147621562261581
1548147621612221479
1548147621662181616
1548147621712141514
1548147621762101650
1548147621812061548
1548147621862021446
1548147621911981583
1548147621961941481
1548147622011901617
1548147622061861515
1548147622111821651
1548147622161781549
1548147622211741447
1548147622261701584
1548147622311661482
1548147622361631632
1548147622411581516
1548147622461551428
1548147622511511564
1548147622561471462
1548147622611431599
1548147622661391497
1548147622711351633
1548147622761311531
1548147622811271429
1548147622861231565
1548147622911191463
1548147622961151600
1548147623011111498
1548147623061071396
1548147623111031532
1548147623161001444
1548147623210951567
1548147623260911465
1548147623310881615
1548147623360841513
1548147623410801411
1548147623460761547
1548147623510721445
1548147623560681581
1548147623610641479
1548147623660601377
1548147623710561514
1548147623760521412
1548147623810481548
1548147623860441446
1548147623910401583
1548147623960361481
1548147624010321379
1548147624060281515
1548147624110241413
1548147624160211563
1548147624210171461
1548147624260131598
1548147624310091496
1548147624360051394
1548147624410011530
1548147624459971428
1548147624509931564
1548147624559891462
1548147624609851360
1548147624659811497
1548147624709771395
1548147624759731531
1548147624809691429
1548147624859651566
1548147624909611464
1548147624959581375
1548147625009541512
1548147625059501410
1548147625109461546
1548147625159421444
1548147625209381342
1548147625259341478
1548147625309301376
1548147625359261513
1548147625409221411
1548147625459181547
1548147625509141445
1548147625559101343
1548147625609061480
1548147625659021378
1548147625708981514
1548147625758941412
1548147625808901548
1548147625858861446
1548147625908821344
1548147625958791494
1548147626008751392
1548147626058711529
1548147626108671427
1548147626158631325
1548147626208591461
1548147626258551359
1548147626308511496
1548147626358471394
1548147626408431530
1548147626458391428
1548147626508351326
1548147626558321476
1548147626608271360
1548147626658231497
1548147626708191395
1548147626758161306
1548147626808121443
1548147626858081341
1548147626908041477
1548147626958001375
1548147627007961512
1548147627057921410
1548147627107881308
1548147627157841444
1548147627207801342
1548147627257761478
1548147627307721376
1548147627357681513
1548147627407641411
1548147627457601309
1548147627507561445
1548147627557521343
1548147627607491493
1548147627657451391
1548147627707411289
1548147627757371426
1548147627807331324
1548147627857291460
1548147627907251358
1548147627957211494
1548147628007171392
1548147628057131290
1548147628107091427
1548147628157051325
1548147628207011461
1548147628256971359
1548147628306931496
1548147628356891394
1548147628406861305
1548147628456821442
1548147628506771326
1548147628556741476
1548147628606701374
1548147628656661272
1548147628706621408
1548147628756581306
1548147628806541443
1548147628856501341
1548147628906461477
1548147628956421375
1548147629006381273
1548147629056341410
1548147629106301308
1548147629156261444
1548147629206221342
1548147629256181240
1548147629306141376
1548147629356101274
1548147629406071424
1548147629456031322
1548147629505991459
1548147629555951357
1548147629605911255
1548147629655871391
1548147629705831289
1548147629755791426
1548147629805751324
1548147629855711222
1548147629905671358
1548147629955631256
1548147630005591393
1548147630055551291
1548147630105511427
1548147630155471325
1548147630205431223
1548147630255401373
1548147630305361271
1548147630355321407
1548147630405281305
1548147630455241203
1548147630505201340
1548147630555161238
1548147630605121374
1548147630655081272
1548147630705041409
1548147630755001307
1548147630804961205
1548147630854921341
1548147630904881239
1548147630954841375
1548147631004801273
1548147631054761410
1548147631104731321
1548147631154691219
1548147631204651356
1548147631254611254
1548147631304571390
1548147631354531288
1548147631404491186
1548147631454451323
1548147631504421234
1548147631554371357
1548147631604331255
1548147631654291391
1548147631704251289
1548147631754211187
1548147631804171324
1548147631854131222
1548147631904091358
1548147631954051256
1548147632004021168
1548147632053981304
1548147632103941202
1548147632153901339
1548147632203861237
1548147632253821373
1548147632303781271
1548147632353741169
1548147632403701305
1548147632453661203
1548147632503621340
1548147632553581238
1548147632603541374
1548147632653501272
1548147632703461170
1548147632753421307
1548147632803381205
1548147632853351355
1548147632903311253
1548147632953271151
1548147633003231287
1548147633053191185
1548147633103151321
1548147633153111219
1548147633203071356
1548147633253031254
1548147633302991152
1548147633352951288
1548147633402911186
1548147633452871323
1548147633502831221
1548147633552791357
1548147633602751255
1548147633652721167
1548147633702681303
1548147633752631187
1548147633802601337
1548147633852561235
1548147633902521133
1548147633952481270
1548147634002441168
1548147634052401304
1548147634102361202
1548147634152321339
1548147634202281237
1548147634252241135
1548147634302201271
1548147634352161169
1548147634402121305
1548147634452081203
1548147634502051115
1548147634552011251
1548147634601961136
1548147634651931286
1548147634701891184
1548147634751851320
1548147634801811218
1548147634851771116
1548147634901731253
1548147634951691151
1548147635001651287
1548147635051611185
1548147635101571321
1548147635151531219
1548147635201491117
1548147635251451254
1548147635301411152
1548147635351371288
1548147635401341200
1548147635451291084
1548147635501261234
1548147635551221132
1548147635601181269
1548147635651141167
1548147635701101303
1548147635751061201
1548147635801021099
1548147635850981236
1548147635900941133
1548147635950901270
1548147636000861168
1548147636050821066
1548147636100781202
1548147636150741100
1548147636200701237
1548147636250661135
1548147636300631285
1548147636350591183
1548147636400551081
1548147636450511217
1548147636500471115
1548147636550431252
1548147636600391150
1548147636650351048
1548147636700311184
1548147636750271082
1548147636800231218
1548147636850191116
1548147636900151253
1548147636950111151
1548147637000071049
1548147637050031185
1548147637099991083
1548147637149961233
1548147637199921131
1548147637249881268
1548147637299841166
1548147637349801064
1548147637399761200
1548147637449721098
1548147637499681234
1548147637549641132
1548147637599601030
1548147637649561167
1548147637699521065
1548147637749481201
1548147637799441099
1548147637849401236
1548147637899361134
1548147637949321032
1548147637999281168
1548147638049241066
1548147638099211216
1548147638149171114
1548147638199131012
1548147638249091148
1548147638299051046
1548147638349011183
1548147638398971081
1548147638448931217
1548147638498891115
1548147638548851013
1548147638598811150
1548147638648771048
1548147638698731184
1548147638748691082
1548147638798651218
1548147638848611116
1548147638898581028
1548147638948541164
1548147638998501062
1548147639048461199
1548147639098421097
1548147639148380995
1548147639198341131
1548147639248301029
1548147639298261166
1548147639348221064
1548147639398181200
1548147639448141098
1548147639498100996
1548147639548061132
1548147639598021030
1548147639647981167
1548147639697941065
1548147639747901201
1548147639797871113
1548147639847831011
1548147639897791147
1548147639947751045
1548147639997711182
1548147640047671080
1548147640097630978
1548147640147591114
1548147640197551012
1548147640247511148
1548147640297471046
1548147640347431183
1548147640397391081
1548147640447350979
1548147640497311115
1548147640547271013
1548147640597241163
1548147640647201061
1548147640697150946
1548147640747121096
1548147640797080994
1548147640847041130
1548147640897001028
1548147640946961164
1548147640996921062
1548147641046880960
1548147641096841097
1548147641146800995
1548147641196761131
1548147641246721029
1548147641296681166
1548147641346641064
1548147641396600962
1548147641446561098
1548147641496531010
1548147641546481133
1548147641596451044
1548147641646410942
1548147641696371078
1548147641746330976
1548147641796291113
1548147641846251011
1548147641896211147
1548147641946171045
1548147641996130943
1548147642046091080
1548147642096050978
1548147642146011114
1548147642195971012
1548147642245930910
1548147642295891047
1548147642345850945
1548147642395821095
1548147642445780993
1548147642495741129
1548147642545701027
1548147642595660925
1548147642645621061
1548147642695580959
1548147642745541096
1548147642795500994
1548147642845460892
1548147642895421028
1548147642945380926
1548147642995341063
1548147643045300961
1548147643095261097
1548147643145220995
1548147643195180893
1548147643245151043
1548147643295110941
1548147643345071077
1548147643395030975
1548147643444991112
1548147643494951010
1548147643544910908
1548147643594871044
1548147643644830942
1548147643694791079
1548147643744750977
1548147643794710875
1548147643844671011
1548147643894630909
1548147643944591045
1548147643994550943
1548147644044511080
1548147644094470978
1548147644144440889
1548147644194401026
1548147644244360924
1548147644294321060
1548147644344280958
1548147644394240856
1548147644444200993
1548147644494160891
1548147644544121027
1548147644594080925
1548147644644041061
1548147644694000959
1548147644743960857
1548147644793920994
1548147644843880892
1548147644893841028
1548147644943800926
1548147644993761063
1548147645043730974
1548147645093690872
1548147645143651009
1548147645193610907
1548147645243571043
1548147645293530941
1548147645343490839
1548147645393450975
1548147645443410873
1548147645493371010
1548147645543330908
1548147645593291044
1548147645643250942
1548147645693210840
1548147645743170977
1548147645793130875
1548147645843091011
1548147645893060923
1548147645943020821
1548147645992980957
1548147646042940855
1548147646092900991
1548147646142860889
1548147646192821026
1548147646242780924
1548147646292740822
1548147646342700958
1548147646392660856
1548147646442620993
1548147646492580891
1548147646542541027
1548147646592500925
1548147646642460823
1548147646692430973
1548147646742390871
1548147646792351007
1548147646842310905
1548147646892270803
1548147646942230940
1548147646992190838
1548147647042150974
1548147647092110872
1548147647142071009
1548147647192030907
1548147647241990805
1548147647291950941
1548147647341910839
1548147647391870975
1548147647441830873
1548147647491791010
1548147647541750908
1548147647591710806
1548147647641670942
1548147647691640854
1548147647741600990
1548147647791560888
1548147647841520786
1548147647891480923
1548147647941440821
1548147647991400957
1548147648041360855
1548147648091320992
1548147648141280890
