1548147257649450779
1548147257699410677
1548147257749370813
1548147257799330711
1548147257849290848
1548147257899250746
1548147257949210644
1548147257999180794
1548147258049140692
1548147258099100828
1548147258149060726
1548147258199020624
1548147258248980761
1548147258298940659
1548147258348900795
1548147258398860693
1548147258448820829
1548147258498790741
1548147258548740625
1548147258598700762
1548147258648660660
1548147258698620796
1548147258748580694
1548147258798550606
1548147258848510742
1548147258898470640
1548147258948430777
1548147258998390675
1548147259048350811
1548147259098310709
1548147259148270607
1548147259198230743
1548147259248190641
1548147259298150778
1548147259348110676
1548147259398070812
1548147259448030710
1548147259497990608
1548147259547950745
1548147259597910643
1548147259647880793
1548147259697840691
1548147259747800589
1548147259797760725
1548147259847720623
1548147259897680759
1548147259947640657
1548147259997600794
1548147260047560692
1548147260097520590
1548147260147480726
1548147260197440624
1548147260247400761
1548147260297360659
1548147260347330570
1548147260397280693
1548147260447240591
1548147260497200727
1548147260547170639
1548147260597130775
1548147260647090673
1548147260697050571
1548147260747010708
1548147260796970606
1548147260846930742
1548147260896890640
1548147260946850538
1548147260996810675
1548147261046770573
1548147261096730709
1548147261146690607
1548147261196650743
1548147261246610641
1548147261296570539
1548147261346530676
1548147261396490574
1548147261446460724
1548147261496420622
1548147261546380758
1548147261596340656
1548147261646300554
1548147261696260691
1548147261746220589
1548147261796180725
1548147261846140623
1548147261896100521
1548147261946060658
1548147261996020555
1548147262045980692
1548147262095940590
1548147262145900726
1548147262195860624
1548147262245820522
1548147262295790672
1548147262345750570
1548147262395710707
1548147262445670605
1548147262495630503
1548147262545590639
1548147262595550537
1548147262645510674
1548147262695470572
1548147262745430708
1548147262795390606
1548147262845350504
1548147262895310640
1548147262945270538
1548147262995230675
1548147263045190573
1548147263095150709
1548147263145120621
1548147263195070505
1548147263245040655
1548147263295000553
1548147263344960690
1548147263394920588
1548147263444880486
1548147263494840622
1548147263544800520
1548147263594760656
1548147263644720554
1548147263694680691
1548147263744640589
1548147263794600487
1548147263844560623
1548147263894520521
1548147263944480658
1548147263994440556
1548147264044400692
1548147264094370604
1548147264144330502
1548147264194290638
1548147264244250536
1548147264294210672
1548147264344170570
1548147264394130468
1548147264444090605
1548147264494050503
1548147264544010639
1548147264593970537
1548147264643930674
1548147264693890572
1548147264743850470
1548147264793810606
1548147264843770504
1548147264893730640
1548147264943700552
1548147264993660450
1548147265043620586
1548147265093580484
1548147265143540621
1548147265193500519
1548147265243460655
1548147265293420553
1548147265343380451
1548147265393340588
1548147265443300486
1548147265493260622
1548147265543220520
1548147265593180656
1548147265643140554
1548147265693100452
1548147265743060589
1548147265793030500
1548147265842980623
1548147265892950535
1548147265942910433
1548147265992870569
1548147266042830467
1548147266092790604
1548147266142750502
1548147266192710638
1548147266242670536
1548147266292630434
1548147266342590570
1548147266392550468
1548147266442510605
1548147266492470503
1548147266542430401
1548147266592390537
1548147266642350435
1548147266692310572
1548147266742280483
1548147266792240620
1548147266842200518
1548147266892160416
1548147266942120552
1548147266992080450
1548147267042040586
1548147267092000484
1548147267141960382
1548147267191920519
1548147267241880417
1548147267291840553
1548147267341800451
1548147267391760588
1548147267441720486
1548147267491680384
1548147267541650534
1548147267591610432
1548147267641570568
1548147267691530466
1548147267741490602
1548147267791450500
1548147267841410398
1548147267891370535
1548147267941330433
1548147267991290569
1548147268041250467
1548147268091210365
1548147268141170502
1548147268191130400
1548147268241090536
1548147268291050434
1548147268341010571
1548147268390980482
1548147268440940380
1548147268490900517
1548147268540860415
1548147268590820551
1548147268640780449
1548147268690740347
1548147268740700483
1548147268790660381
1548147268840620518
1548147268890580416
1548147268940540552
1548147268990500450
1548147269040460348
1548147269090420485
1548147269140380383
1548147269190340519
1548147269240300417
1548147269290260553
1548147269340230465
1548147269390190363
1548147269440150499
1548147269490110397
1548147269540070534
1548147269590030432
1548147269639990330
1548147269689950466
1548147269739910364
1548147269789870501
1548147269839830399
1548147269889790535
1548147269939750433
1548147269989710331
1548147270039670467
1548147270089630365
1548147270139590502
1548147270189560413
1548147270239520311
1548147270289480448
1548147270339440346
1548147270389400482
1548147270439360380
1548147270489320517
1548147270539280415
1548147270589240313
1548147270639200449
1548147270689160347
1548147270739120483
1548147270789080381
1548147270839040518
1548147270889000416
1548147270938960314
1548147270988930464
1548147271038890362
1548147271088840485
1548147271138810396
1548147271188770294
1548147271238730431
1548147271288690329
1548147271338650465
1548147271388610363
1548147271438570499
1548147271488530397
1548147271538490295
1548147271588450432
1548147271638410330
1548147271688370466
1548147271738330364
1548147271788290501
1548147271838250399
1548147271888210297
1548147271938180447
1548147271988140345
1548147272038100481
1548147272088060379
1548147272138020277
1548147272187980413
1548147272237940311
1548147272287900448
1548147272337860346
1548147272387820482
1548147272437780380
1548147272487740278
1548147272537700415
1548147272587660313
1548147272637620449
1548147272687590361
1548147272737540245
1548147272787510395
1548147272837470293
1548147272887430429
1548147272937390327
1548147272987350464
1548147273037310362
1548147273087270260
1548147273137230396
1548147273187190294
1548147273237150431
1548147273287110329
1548147273337070227
1548147273387030363
1548147273436990261
1548147273486950397
1548147273536910295
1548147273586870432
1548147273636840343
1548147273686800241
1548147273736760378
1548147273786720276
1548147273836680412
1548147273886640310
1548147273936600447
1548147273986560345
1548147274036520243
1548147274086480379
1548147274136440277
1548147274186400414
1548147274236360312
1548147274286320210
1548147274336280346
1548147274386240244
1548147274436200380
1548147274486160278
1548147274536120415
1548147274586090326
1548147274636050224
1548147274686010361
1548147274735970259
1548147274785930395
1548147274835890293
1548147274885850191
1548147274935810328
1548147274985770226
1548147275035730362
1548147275085690260
1548147275135650396
1548147275185610294
1548147275235570192
1548147275285530329
1548147275335490227
1548147275385450363
1548147275435420275
1548147275485380173
1548147275535340309
1548147275585300207
1548147275635260344
1548147275685220242
1548147275735180378
1548147275785140276
1548147275835100174
1548147275885060310
1548147275935020208
1548147275984980345
1548147276034940243
1548147276084900379
1548147276134860277
1548147276184820175
1548147276234780312
1548147276284750223
1548147276334700346
1548147276384670258
1548147276434630156
1548147276484590292
1548147276534550190
1548147276584510326
1548147276634470224
1548147276684430361
1548147276734390259
1548147276784350157
1548147276834310293
1548147276884270191
1548147276934230328
1548147276984190226
1548147277034150362
1548147277084110260
1548147277134070158
1548147277184030294
1548147277234000206
1548147277283960342
1548147277333920240
1548147277383880138
1548147277433840275
1548147277483800173
1548147277533760309
1548147277583720207
1548147277633680344
1548147277683640242
1548147277733600140
1548147277783560276
1548147277833520174
1548147277883480310
1548147277933450222
1548147277983400345
1548147278033360243
1548147278083330154
1548147278133290291
1548147278183250189
1548147278233210325
1548147278283170223
1548147278333130121
1548147278383090258
1548147278433050156
1548147278483010292
1548147278532970190
1548147278582930326
1548147278632890224
1548147278682850122
1548147278732810259
1548147278782770157
1548147278832730293
1548147278882700205
1548147278932660103
1548147278982620239
1548147279032580137
1548147279082540274
1548147279132500172
1548147279182460308
1548147279232420206
1548147279282380104
1548147279332340240
1548147279382300138
1548147279432260275
1548147279482220173
1548147279532180071
1548147279582140207
1548147279632100105
1548147279682060242
1548147279732020140
1548147279781990290
1548147279831940174
1548147279881910086
1548147279931870222
1548147279981830120
1548147280031790257
1548147280081750154
1548147280131710291
1548147280181670189
1548147280231630087
1548147280281590223
1548147280331550121
1548147280381510258
1548147280431470156
1548147280481430054
1548147280531390190
1548147280581350088
1548147280631310225
1548147280681280136
1548147280731240273
1548147280781200171
1548147280831160069
1548147280881120205
1548147280931080103
1548147280981040239
1548147281031000137
1548147281080960035
1548147281130920172
1548147281180880070
1548147281230840206
1548147281280800104
1548147281330760241
1548147281380720139
1548147281430680037
1548147281480640173
1548147281530610085
1548147281580570221
1548147281630530119
1548147281680490017
1548147281730450153
1548147281780410051
1548147281830370188
1548147281880330086
1548147281930290222
1548147281980250120
1548147282030210018
1548147282080170155
1548147282130130053
1548147282180090189
1548147282230050087
1548147282280010223
1548147282329970121
1548147282379930019
1548147282429890156
1548147282479860067
1548147282529820204
1548147282579780102
1548147282629740000
1548147282679700136
1548147282729660034
1548147282779620171
1548147282829580069
1548147282879540205
1548147282929500103
1548147282979460001
1548147283029420137
1548147283079380035
1548147283129340172
1548147283179310083
1548147283229260206
1548147283279220104
1548147283329190016
1548147283379150152
1548147283429110050
1548147283479070187
1548147283529030085
1548147283578989983
1548147283628950119
1548147283678910017
1548147283728870153
1548147283778830051
1548147283828790188
1548147283878750086
1548147283928709984
1548147283978670120
1548147284028630018
1548147284078590155
1548147284128550053
1548147284178519964
1548147284228480101
1548147284278439999
1548147284328400135
1548147284378360033
1548147284428320169
1548147284478280067
1548147284528239965
1548147284578200102
1548147284628160000
1548147284678120136
1548147284728080034
1548147284778040171
1548147284828000069
1548147284877959967
1548147284927920103
1548147284977890015
1548147285027850151
1548147285077800035
1548147285127769947
1548147285177730083
1548147285227689981
1548147285277650118
1548147285327610016
1548147285377570152
1548147285427530050
1548147285477489948
1548147285527450085
1548147285577409983
1548147285627370119
1548147285677330017
1548147285727289915
1548147285777250051
1548147285827209949
1548147285877170086
1548147285927129984
1548147285977100134
1548147286027060032
1548147286077019930
1548147286126980066
1548147286176939964
1548147286226900101
1548147286276859999
1548147286326819897
1548147286376780033
1548147286426739931
1548147286476700068
1548147286526659966
1548147286576620102
1548147286626580000
1548147286676539898
1548147286726500034
1548147286776469946
1548147286826430082
1548147286876389980
1548147286926350117
1548147286976310015
1548147287026269913
1548147287076230049
1548147287126189947
1548147287176150084
1548147287226109982
1548147287276069880
1548147287326030016
1548147287375989914
1548147287425950050
1548147287475909948
1548147287525870085
1548147287575829983
1548147287625799894
1548147287675760031
1548147287725719929
1548147287775680065
1548147287825639963
1548147287875599861
1548147287925559998
1548147287975519896
1548147288025480032
1548147288075439930
1548147288125400066
1548147288175359964
1548147288225319862
1548147288275279999
1548147288325239897
1548147288375200033
1548147288425159931
1548147288475120068
1548147288525079966
1548147288575049877
1548147288625010014
1548147288674969912
1548147288724930048
1548147288774889946
1548147288824849844
1548147288874809980
1548147288924769878
1548147288974730015
1548147289024689913
1548147289074650049
1548147289124609947
1548147289174569845
1548147289224529982
1548147289274489880
1548147289324450016
1548147289374409914
1548147289424379826
1548147289474339962
1548147289524299860
1548147289574259996
1548147289624219894
1548147289674180031
1548147289724139929
1548147289774099827
1548147289824059963
1548147289874019861
1548147289923979998
1548147289973939896
1548147290023900032
1548147290073859930
1548147290123819828
1548147290173779964
1548147290223739862
1548147290273710012
1548147290323659897
1548147290373629808
1548147290423589945
1548147290473549843
1548147290523509979
1548147290573469877
1548147290623430014
1548147290673389912
1548147290723349810
1548147290773309946
1548147290823269844
1548147290873229980
1548147290923189878
1548147290973150015
1548147291023109913
1548147291073069811
1548147291123029947
1548147291172989845
1548147291222959995
1548147291272919893
1548147291322879791
1548147291372839928
1548147291422799826
1548147291472759962
1548147291522719860
1548147291572679996
1548147291622639894
1548147291672599792
1548147291722559929
1548147291772519827
1548147291822479963
1548147291872439861
1548147291922399759
1548147291972359896
1548147292022329807
1548147292072289944
1548147292122249842
1548147292172209978
1548147292222169876
1548147292272129774
1548147292322089911
1548147292372049809
1548147292422009945
1548147292471969843
1548147292521929741
1548147292571889877
1548147292621849775
1548147292671809912
1548147292721769810
1548147292771729946
1548147292821689844
1548147292871659756
1548147292921619892
1548147292971569777
1548147293021539927
1548147293071499825
1548147293121459961
1548147293171419859
1548147293221379757
1548147293271339893
1548147293321299791
1548147293371259928
1548147293421219826
1548147293471179724
1548147293521139860
1548147293571099758
1548147293621059895
1548147293671019793
1548147293720979929
1548147293770939827
1548147293820909739
1548147293870869875
1548147293920829773
1548147293970789909
1548147294020749807
1548147294070709705
1548147294120669842
1548147294170629740
1548147294220589876
1548147294270549774
1548147294320509911
1548147294370469809
1548147294420429707
1548147294470389843
1548147294520349741
1548147294570309877
1548147294620269775
1548147294670239687
1548147294720199823
1548147294770159721
1548147294820119858
1548147294870079756
1548147294920039892
1548147294969999790
1548147295019959688
1548147295069919825
1548147295119879723
1548147295169839859
1548147295219799757
1548147295269759893
1548147295319719791
1548147295369679689
1548147295419639826
1548147295469599724
1548147295519569874
1548147295569529772
1548147295619489670
1548147295669449806
1548147295719409704
1548147295769369841
1548147295819329739
1548147295869289875
1548147295919249773
1548147295969209671
1548147296019169807
1548147296069129705
1548147296119089842
1548147296169049740
1548147296219009876
1548147296268969774
1548147296318929672
1548147296368889809
1548147296418849707
1548147296468819857
1548147296518779755
1548147296568739653
1548147296618699789
1548147296668659687
1548147296718619823
1548147296768579721
1548147296818539858
1548147296868499756
1548147296918459654
1548147296968419790
1548147297018379688
1548147297068339825
1548147297118299723
1548147297168259859
1548147297218219757
1548147297268179655
1548147297318149805
1548147297368109703
1548147297418069839
1548147297468029737
1548147297517989635
1548147297567949772
1548147297617909670
1548147297667869806
1548147297717829704
1548147297767789841
1548147297817749739
1548147297867709637
1548147297917669773
1548147297967629671
1548147298017589808
1548147298067549706
1548147298117519617
1548147298167479753
1548147298217429638
1548147298267399788
1548147298317359686
1548147298367319822
1548147298417279720
1548147298467239618
1548147298517199755
1548147298567159653
1548147298617119789
1548147298667079687
1548147298717039585
1548147298766999722
1548147298816959620
1548147298866919756
1548147298916879654
1548147298966839790
1548147299016799688
1548147299066759586
1548147299116729736
1548147299166689634
1548147299216649771
1548147299266609669
1548147299316569805
1548147299366529703
1548147299416489601
1548147299466449738
1548147299516409636
1548147299566369772
1548147299616329670
1548147299666289568
1548147299716249704
1548147299766209602
1548147299816169739
1548147299866139650
1548147299916099787
1548147299966059685
1548147300016019583
1548147300065979719
1548147300115939617
1548147300165899754
1548147300215859652
1548147300265819550
1548147300315779686
1548147300365739584
1548147300415699720
1548147300465659618
1548147300515619755
1548147300565579653
1548147300615539551
1548147300665499687
1548147300715459585
1548147300765429735
1548147300815389633
1548147300865349531
1548147300915309668
1548147300965269566
1548147301015229702
1548147301065189600
1548147301115149736
1548147301165109634
1548147301215069532
1548147301265029669
1548147301314989567
1548147301364949703
1548147301414909601
1548147301464869738
1548147301514829636
1548147301564789534
1548147301614749670
1548147301664719582
1548147301714679718
1548147301764639616
1548147301814599514
1548147301864559650
1548147301914519548
1548147301964479685
1548147302014439583
1548147302064399719
1548147302114359617
1548147302164319515
1548147302214279652
1548147302264239550
1548147302314199686
1548147302364159584
1548147302414119720
1548147302464079618
1548147302514039516
1548147302564009666
1548147302613969564
1548147302663929701
1548147302713889599
1548147302763849497
1548147302813809633
1548147302863769531
1548147302913729668
1548147302963689566
1548147303013649702
1548147303063609600
1548147303113569498
1548147303163529634
1548147303213489532
1548147303263449669
1548147303313409567
1548147303363369703
1548147303413339615
1548147303463299513
1548147303513259649
1548147303563219547
1548147303613179684
1548147303663139582
1548147303713099480
1548147303763059616
1548147303813019514
1548147303862979650
1548147303912939548
1548147303962899685
1548147304012859583
1548147304062819481
1548147304112779617
1548147304162739515
1548147304212699652
1548147304262669563
1548147304312619448
1548147304362589598
1548147304412549496
1548147304462509632
1548147304512469530
1548147304562429667
1548147304612389565
1548147304662349463
1548147304712309599
1548147304762269497
1548147304812229633
1548147304862189531
1548147304912149429
1548147304962109566
1548147305012069464
1548147305062029600
1548147305111999512
1548147305161949635
1548147305211919546
1548147305261879444
1548147305311839581
1548147305361799479
1548147305411759615
1548147305461719513
1548147305511679649
1548147305561639547
1548147305611599445
1548147305661559582
1548147305711519480
1548147305761479616
1548147305811439514
1548147305861399412
1548147305911359549
1548147305961319447
1548147306011279583
1548147306061249495
1548147306111209631
1548147306161169529
1548147306211129427
1548147306261089563
1548147306311049461
1548147306361009598
1548147306410969496
1548147306460929394
1548147306510889530
1548147306560849428
1548147306610809565
1548147306660769463
1548147306710729599
1548147306760689497
1548147306810649395
1548147306860609531
1548147306910579443
1548147306960539579
1548147307010499477
1548147307060459375
1548147307110419512
1548147307160379410
1548147307210339546
1548147307260299444
1548147307310259581
1548147307360219479
1548147307410179377
1548147307460139513
1548147307510099411
1548147307560059547
1548147307610019445
1548147307659979582
1548147307709939480
1548147307759899378
1548147307809859514
1548147307859829426
1548147307909789562
1548147307959749460
1548147308009709358
1548147308059669495
1548147308109629393
1548147308159589529
1548147308209549427
1548147308259509563
1548147308309469461
1548147308359429359
1548147308409389496
1548147308459349394
1548147308509309530
1548147308559269428
1548147308609229565
1548147308659199476
1548147308709159374
1548147308759119511
1548147308809079409
1548147308859039545
1548147308908999443
1548147308958959341
1548147309008919477
1548147309058879375
1548147309108839512
1548147309158799410
1548147309208759546
1548147309258719444
1548147309308679342
1548147309358639479
1548147309408599377
1548147309458559513
1548147309508519411
1548147309558489323
1548147309608449459
1548147309658409357
1548147309708369493
1548147309758329391
1548147309808289528
1548147309858249426
1548147309908209324
1548147309958169460
1548147310008129358
1548147310058089495
1548147310108049393
1548147310158009529
1548147310207969427
1548147310257929325
1548147310307889462
1548147310357849360
1548147310407809496
1548147310457779408
1548147310507739305
1548147310557699442
1548147310607659340
1548147310657619476
1548147310707579374
1548147310757539511
1548147310807499409
1548147310857459307
1548147310907419443
1548147310957379341
1548147311007339478
1548147311057299376
1548147311107259274
1548147311157219410
1548147311207179308
1548147311257139444
1548147311307109356
1548147311357069492
1548147311407029390
1548147311456989288
1548147311506949425
1548147311556909323
1548147311606869459
1548147311656829357
1548147311706789494
1548147311756749392
1548147311806709290
1548147311856669426
1548147311906629324
1548147311956589460
1548147312006549358
1548147312056509256
1548147312106469393
1548147312156439304
1548147312206399441
1548147312256359339
1548147312306319475
1548147312356279373
1548147312406239271
1548147312456199408
1548147312506159306
1548147312556119442
1548147312606079340
1548147312656039238
1548147312705999374
1548147312755959272
1548147312805919409
1548147312855879307
1548147312905839443
1548147312955799341
1548147313005769253
1548147313055729389
1548147313105689287
1548147313155649424
1548147313205609322
1548147313255569220
1548147313305529356
1548147313355489254
1548147313405449390
1548147313455409288
1548147313505369425
1548147313555329323
1548147313605289221
1548147313655249357
1548147313705209255
1548147313755169392
1548147313805129290
1548147313855089426
1548147313905059338
1548147313955019236
1548147314004979372
1548147314054939270
1548147314104899406
1548147314154859304
1548147314204819202
1548147314254779339
1548147314304739237
1548147314354699373
1548147314404659271
1548147314454619408
1548147314504579306
1548147314554539204
1548147314604499340
1548147314654459238
1548147314704419374
1548147314754389286
1548147314804349184
1548147314854309320
1548147314904269218
1548147314954229355
1548147315004189253
1548147315054149389
1548147315104109287
1548147315154069185
1548147315204029322
1548147315253989220
1548147315303949356
1548147315353909254
1548147315403869390
1548147315453829288
1548147315503789186
1548147315553749323
1548147315603709221
1548147315653669357
1548147315703639269
1548147315753599167
1548147315803559303
1548147315853519201
1548147315903479338
1548147315953439236
1548147316003399372
1548147316053359270
1548147316103319168
1548147316153279305
1548147316203239202
1548147316253199339
1548147316303159237
1548147316353119373
1548147316403079271
1548147316453039169
1548147316502999306
1548147316552969217
1548147316602929354
1548147316652889252
1548147316702849150
1548147316752809286
1548147316802769184
1548147316852729321
1548147316902689219
1548147316952649355
1548147317002609253
1548147317052569151
1548147317102529287
1548147317152489185
1548147317202449322
1548147317252409220
1548147317302369118
1548147317352329254
1548147317402299166
1548147317452249289
1548147317502219200
1548147317552179337
1548147317602139235
1548147317652099133
1548147317702059269
1548147317752019167
1548147317801979303
1548147317851939201
1548147317901899099
1548147317951859236
1548147318001819134
1548147318051779270
1548147318101739168
1548147318151699305
1548147318201659203
1548147318251629114
1548147318301589251
1548147318351549149
1548147318401509285
1548147318451469183
1548147318501429319
1548147318551389217
1548147318601349115
1548147318651309252
1548147318701269150
1548147318751229286
1548147318801189184
1548147318851149082
1548147318901109219
1548147318951069117
1548147319001029253
1548147319050989151
1548147319100949287
1548147319150919199
1548147319200879097
1548147319250839233
1548147319300799131
1548147319350759268
1548147319400719166
1548147319450679064
1548147319500639200
1548147319550599098
1548147319600559235
1548147319650519133
1548147319700479269
1548147319750439167
1548147319800399065
1548147319850359201
1548147319900319099
1548147319950279236
1548147320000249147
1548147320050209045
1548147320100169182
1548147320150129080
1548147320200089216
1548147320250049114
1548147320300009251
1548147320349969149
1548147320399929047
1548147320449889183
1548147320499849081
1548147320549809217
1548147320599769115
1548147320649729252
1548147320699689150
1548147320749649048
1548147320799609184
1548147320849569082
1548147320899539232
1548147320949499130
1548147320999459028
1548147321049419165
1548147321099379063
1548147321149339199
1548147321199299097
1548147321249259233
1548147321299219131
1548147321349179029
1548147321399139166
1548147321449099064
1548147321499059200
1548147321549019098
1548147321598979235
1548147321648939133
1548147321698899031
1548147321748859167
1548147321798829079
1548147321848789215
1548147321898749113
1548147321948709011
1548147321998669147
1548147322048629045
1548147322098589182
1548147322148549080
1548147322198509216
1548147322248469114
1548147322298429012
1548147322348389149
1548147322398349047
1548147322448309183
1548147322498269081
1548147322548229218
1548147322598189116
1548147322648159027
1548147322698119164
1548147322748079062
1548147322798039198
1548147322847999096
1548147322897958994
1548147322947919130
1548147322997879028
1548147323047839165
1548147323097799063
1548147323147759199
1548147323197719097
1548147323247678995
1548147323297639132
1548147323347599030
1548147323397559166
1548147323447519064
1548147323497488976
1548147323547439098
1548147323597409010
1548147323647369146
1548147323697329044
1548147323747289181
1548147323797249079
1548147323847208977
1548147323897169113
1548147323947129011
1548147323997089148
1548147324047049046
1548147324097008944
1548147324146969080
1548147324196928978
1548147324246889114
1548147324296849012
1548147324346809149
1548147324396769047
1548147324446738958
1548147324496699095
1548147324546658993
1548147324596619129
1548147324646579027
1548147324696539164
1548147324746499062
1548147324796458960
1548147324846419096
1548147324896378994
1548147324946339130
1548147324996299028
1548147325046258926
1548147325096219063
1548147325146178961
1548147325196139097
1548147325246109009
1548147325296069145
1548147325346029043
1548147325395988941
1548147325445949078
1548147325495908976
1548147325545869112
1548147325595829010
1548147325645788908
1548147325695749044
1548147325745708942
1548147325795669079
1548147325845628977
1548147325895589113
1548147325945549011
1548147325995508909
1548147326045469046
1548147326095428944
1548147326145399094
1548147326195348978
1548147326245318890
1548147326295279026
1548147326345238924
1548147326395199060
1548147326445158958
1548147326495119095
1548147326545078993
1548147326595038891
1548147326644999027
1548147326694958925
1548147326744919062
1548147326794878960
1548147326844839096
1548147326894798994
1548147326944758892
1548147326994719028
1548147327044688940
1548147327094649076
1548147327144608974
1548147327194568872
1548147327244529009
1548147327294488907
1548147327344449043
1548147327394408941
1548147327444369078
1548147327494328976
1548147327544288874
1548147327594249010
1548147327644208908
1548147327694169044
1548147327744128942
1548147327794089079
1548147327844048977
1548147327894018888
1548147327943979025
1548147327993938923
1548147328043899059
1548147328093858957
1548147328143818855
1548147328193778992
1548147328243738890
1548147328293699026
1548147328343658924
1548147328393619061
1548147328443578959
1548147328493538857
1548147328543498993
1548147328593458891
1548147328643419027
1548147328693378925
1548147328743348837
1548147328793298960
1548147328843268871
1548147328893229008
1548147328943188906
1548147328993149042
1548147329043108940
1548147329093068838
1548147329143028975
1548147329192988873
1548147329242949009
1548147329292908907
1548147329342869043
1548147329392828941
1548147329442788839
1548147329492748976
1548147329542708874
1548147329592669010
1548147329642628908
1548147329692598820
1548147329742558956
1548147329792518854
1548147329842478991
1548147329892438889
1548147329942399025
1548147329992358923
1548147330042318821
1548147330092278957
1548147330142238855
1548147330192198992
1548147330242158890
1548147330292118788
1548147330342078924
1548147330392038822
1548147330441998959
1548147330491958857
1548147330541929007
1548147330591888905
1548147330641848803
1548147330691808939
1548147330741768837
1548147330791728973
1548147330841688871
1548147330891649008
1548147330941608906
1548147330991568804
1548147331041528940
1548147331091488838
1548147331141448975
1548147331191408873
1548147331241368771
1548147331291328907
1548147331341288805
1548147331391258955
1548147331441208839
1548147331491178989
1548147331541138887
1548147331591098785
1548147331641058922
1548147331691018820
1548147331740978956
1548147331790938854
1548147331840898752
1548147331890858889
1548147331940818787
1548147331990778923
1548147332040738821
1548147332090698957
1548147332140658855
1548147332190618753
1548147332240578890
1548147332290538788
1548147332340508938
1548147332390468836
1548147332440428734
1548147332490388870
1548147332540348768
1548147332590308905
1548147332640268803
1548147332690228939
1548147332740188837
1548147332790148735
1548147332840108871
1548147332890068769
1548147332940028906
1548147332989988804
1548147333039948940
1548147333089908838
1548147333139878750
1548147333189838886
1548147333239798784
1548147333289758921
1548147333339718819
1548147333389678717
1548147333439638853
1548147333489598751
1548147333539558887
1548147333589518785
1548147333639478922
1548147333689438820
1548147333739398718
1548147333789358854
1548147333839318752
1548147333889278889
1548147333939238787
1548147333989208698
1548147334039168835
1548147334089128733
1548147334139088869
1548147334189048767
1548147334239008904
1548147334288968801
1548147334338928699
1548147334388888836
1548147334438848734
1548147334488808870
1548147334538768768
1548147334588728905
1548147334638688803
1548147334688648701
1548147334738608837
1548147334788568735
1548147334838538885
1548147334888488770
1548147334938458681
1548147334988418818
1548147335038378716
1548147335088338852
1548147335138298750
1548147335188258886
1548147335238218784
1548147335288178682
1548147335338138819
1548147335388098717
1548147335438058853
1548147335488018751
1548147335537978888
1548147335587938786
1548147335637898684
1548147335687858820
1548147335737818718
1548147335787788868
1548147335837748766
1548147335887708664
1548147335937668800
1548147335987628698
1548147336037588835
1548147336087548733
1548147336137508869
1548147336187468767
1548147336237428665
1548147336287388802
1548147336337348700
1548147336387308836
1548147336437268734
1548147336487228632
1548147336537188768
1548147336587148666
1548147336637118816
1548147336687078714
1548147336737038851
1548147336786998749
1548147336836958647
1548147336886918783
1548147336936878681
1548147336986838818
1548147337036798716
1548147337086758852
1548147337136718750
1548147337186678648
1548147337236638784
1548147337286598682
1548147337336558819
1548147337386518717
1548147337436478615
1548147337486448765
1548147337536398649
1548147337586368799
1548147337636328697
1548147337686288834
1548147337736248732
1548147337786208630
1548147337836168766
1548147337886128664
1548147337936088800
1548147337986048698
1548147338036008596
1548147338085968733
1548147338135928631
1548147338185888767
1548147338235848665
1548147338285808802
1548147338335768700
1548147338385738611
1548147338435698748
1548147338485658646
1548147338535618782
1548147338585578680
1548147338635538578
1548147338685498714
1548147338735458612
1548147338785418749
1548147338835378647
1548147338885338783
1548147338935298681
1548147338985258579
1548147339035218716
1548147339085178614
1548147339135138750
1548147339185098648
1548147339235068798
1548147339285028696
1548147339334988594
1548147339384948730
1548147339434908628
1548147339484868765
1548147339534828663
1548147339584788561
1548147339634748697
1548147339684708595
1548147339734668732
1548147339784628630
1548147339834588766
1548147339884548664
1548147339934508562
1548147339984468699
1548147340034428596
1548147340084388733
1548147340134358644
1548147340184318542
1548147340234278679
1548147340284238577
1548147340334198713
1548147340384158611
1548147340434118748
1548147340484078646
1548147340534038544
1548147340583998680
1548147340633958578
1548147340683918715
1548147340733878613
1548147340783838749
1548147340833798647
1548147340883758545
1548147340933718681
1548147340983678579
1548147341033648729
1548147341083608627
1548147341133568525
1548147341183528662
1548147341233488560
1548147341283448696
1548147341333408594
1548147341383368731
1548147341433328629
1548147341483288527
1548147341533248663
1548147341583208561
1548147341633168697
1548147341683128595
1548147341733088732
1548147341783048630
1548147341833008528
1548147341882978678
1548147341932938576
1548147341982898712
1548147342032858610
1548147342082818508
1548147342132778645
1548147342182738543
1548147342232698679
1548147342282658577
1548147342332618713
1548147342382578611
1548147342432538509
1548147342482498646
1548147342532458544
1548147342582418680
1548147342632378578
1548147342682338476
1548147342732308626
1548147342782258511
1548147342832228661
1548147342882188559
1548147342932148695
1548147342982108593
1548147343032068491
1548147343082028627
1548147343131988525
1548147343181948662
1548147343231908560
1548147343281868696
1548147343331828594
1548147343381788492
1548147343431748629
1548147343481708527
1548147343531668663
1548147343581628561
1548147343631588459
1548147343681558609
1548147343731518507
1548147343781478643
1548147343831438541
1548147343881398678
1548147343931358576
1548147343981318474
1548147344031278610
1548147344081238508
1548147344131198645
1548147344181158543
1548147344231118441
1548147344281078577
1548147344331038475
1548147344380998611
1548147344430958509
1548147344480918646
1548147344530888557
1548147344580848455
1548147344630808592
1548147344680768490
1548147344730728626
1548147344780688524
1548147344830648422
1548147344880618572
1548147344930568457
1548147344980528593
1548147345030488491
1548147345080448627
1548147345130408525
1548147345180368423
1548147345230328560
1548147345280288458
1548147345330258608
1548147345380218506
1548147345430168629
1548147345480138540
1548147345530098438
1548147345580058575
1548147345630018473
1548147345679978609
1548147345729938507
1548147345779898405
1548147345829858541
1548147345879818439
1548147345929778576
1548147345979738474
1548147346029698610
1548147346079658508
1548147346129618406
1548147346179578543
1548147346229548454
1548147346279498577
1548147346329468489
1548147346379428387
1548147346429388523
1548147346479348421
1548147346529308558
1548147346579268456
1548147346629228592
1548147346679188490
1548147346729148388
1548147346779108524
1548147346829068422
1548147346879028559
1548147346928988457
1548147346978948593
1548147347028908491
1548147347078868389
1548147347128838539
1548147347178798437
1548147347228758574
1548147347278718472
1548147347328678370
1548147347378638506
1548147347428598404
1548147347478558540
1548147347528518438
1548147347578478575
1548147347628438473
1548147347678398371
1548147347728358507
1548147347778318405
1548147347828278542
1548147347878238440
1548147347928198576
1548147347978168488
1548147348028128386
1548147348078088522
1548147348128048420
1548147348178008556
1548147348227968454
1548147348277928352
1548147348327888489
1548147348377848387
1548147348427808523
1548147348477768421
1548147348527728558
1548147348577688456
1548147348627648354
1548147348677608490
1548147348727568388
1548147348777528524
1548147348827498436
1548147348877448320
1548147348927418470
1548147348977378368
1548147349027338505
1548147349077298403
1548147349127258539
1548147349177218437
1548147349227178335
1548147349277138472
1548147349327098370
1548147349377058506
1548147349427018404
1548147349476978302
1548147349526938438
1548147349576898336
1548147349626858473
1548147349676818371
1548147349726778507
1548147349776748419
1548147349826708317
1548147349876668453
1548147349926628351
1548147349976588488
1548147350026548386
1548147350076508522
1548147350126468420
1548147350176428318
1548147350226388454
1548147350276348352
1548147350326308489
1548147350376268387
1548147350426228285
1548147350476188421
1548147350526148319
1548147350576108456
1548147350626078367
1548147350676038504
1548147350725998402
1548147350775958300
1548147350825918436
1548147350875878334
1548147350925838470
1548147350975798368
1548147351025758266
1548147351075718403
1548147351125678301
1548147351175638437
1548147351225598335
1548147351275558472
1548147351325518370
1548147351375478268
1548147351425438404
1548147351475408316
1548147351525358438
1548147351575328350
1548147351625288248
1548147351675248384
1548147351725208282
1548147351775168419
1548147351825128317
1548147351875088453
1548147351925048351
1548147351975008249
1548147352024968386
1548147352074928284
1548147352124888420
1548147352174848318
1548147352224808455
1548147352274768353
1548147352324728251
1548147352374688387
1548147352424658298
1548147352474618435
1548147352524578333
1548147352574538231
1548147352624498367
1548147352674458265
1548147352724418402
1548147352774378300
1548147352824338436
1548147352874298334
1548147352924258232
1548147352974218369
1548147353024178267
1548147353074138403
1548147353124098301
1548147353174058437
1548147353224028349
1548147353273988247
1548147353323948383
1548147353373908281
1548147353423868418
1548147353473828316
1548147353523788214
1548147353573748350
1548147353623708248
1548147353673668385
1548147353723628283
1548147353773588419
1548147353823548317
1548147353873508215
1548147353923468351
1548147353973428249
1548147354023388386
1548147354073358297
1548147354123318195
1548147354173278332
1548147354223238230
1548147354273198366
1548147354323158264
1548147354373118401
1548147354423078299
1548147354473038197
1548147354522998333
1548147354572958231
1548147354622918367
1548147354672878265
1548147354722838402
1548147354772798300
1548147354822758198
1548147354872718334
1548147354922678232
1548147354972638369
1548147355022608280
1548147355072568178
1548147355122528315
1548147355172488213
1548147355222448349
1548147355272408247
1548147355322368383
1548147355372328281
1548147355422288179
1548147355472248316
1548147355522208214
1548147355572168350
1548147355622128248
1548147355672088146
1548147355722048283
1548147355772008181
1548147355821968317
1548147355871938229
1548147355921898365
1548147355971858263
1548147356021818161
1548147356071778297
1548147356121738195
1548147356171698332
1548147356221658230
1548147356271618366
1548147356321578264
1548147356371538162
1548147356421498299
1548147356471458197
1548147356521418333
1548147356571378231
1548147356621338129
1548147356671298265
1548147356721268177
1548147356771228313
1548147356821188211
1548147356871148348
1548147356921108246
1548147356971068144
1548147357021028280
1548147357070988178
1548147357120948315
1548147357170908213
1548147357220868111
1548147357270828247
1548147357320788145
1548147357370748281
1548147357420708179
1548147357470668316
1548147357520628214
1548147357570588112
1548147357620548248
1548147357670518160
1548147357720478296
1548147357770438194
1548147357820398092
1548147357870358229
1548147357920318127
1548147357970278263
1548147358020238161
1548147358070198298
1548147358120158195
1548147358170118093
1548147358220078230
1548147358270038128
1548147358319998264
1548147358369958162
1548147358419918299
1548147358469878197
1548147358519848108
1548147358569808245
1548147358619768143
1548147358669728279
1548147358719688177
1548147358769648075
1548147358819608212
1548147358869568110
1548147358919528246
1548147358969488144
1548147359019448280
1548147359069408178
1548147359119368076
1548147359169328213
1548147359219288111
1548147359269248247
1548147359319208145
1548147359369178057
1548147359419138193
1548147359469098091
1548147359519058228
1548147359569018126
1548147359618978262
1548147359668938160
1548147359718898058
1548147359768858194
1548147359818818092
1548147359868778229
1548147359918738127
1548147359968698263
1548147360018658161
1548147360068618059
1548147360118578196
1548147360168548107
1548147360218508244
1548147360268468142
1548147360318428040
1548147360368388176
1548147360418348074
1548147360468308210
1548147360518268108
1548147360568228245
1548147360618188143
1548147360668148041
1548147360718108177
1548147360768068075
1548147360818028212
1548147360867988110
1548147360917948246
1548147360967908144
1548147361017868042
1548147361067828178
1548147361117798090
1548147361167758226
1548147361217718124
1548147361267678022
1548147361317638159
1548147361367598057
1548147361417558193
1548147361467518091
1548147361517478228
1548147361567438126
1548147361617398024
1548147361667358160
1548147361717318058
1548147361767278194
1548147361817238092
1548147361867197990
1548147361917158127
1548147361967128038
1548147362017088175
1548147362067048073
1548147362117008209
1548147362166968107
1548147362216928005
1548147362266888142
1548147362316848040
1548147362366808176
1548147362416768074
1548147362466728210
1548147362516688108
1548147362566648006
1548147362616608143
1548147362666568041
1548147362716528177
1548147362766488075
1548147362816457987
1548147362866418123
1548147362916378021
1548147362966338158
1548147363016298056
1548147363066258192
1548147363116218090
1548147363166177988
1548147363216138124
1548147363266098022
1548147363316058159
1548147363366018057
1548147363415977955
1548147363465938091
1548147363515897989
1548147363565858126
1548147363615818024
1548147363665778160
1548147363715738058
1548147363765707970
1548147363815668106
1548147363865628004
1548147363915588140
1548147363965548038
1548147364015507936
1548147364065468073
1548147364115427971
1548147364165388107
1548147364215348005
1548147364265308142
1548147364315268040
1548147364365227938
1548147364415188074
1548147364465147972
1548147364515108109
1548147364565068007
1548147364615038157
1548147364664998055
1548147364714957952
1548147364764918089
1548147364814877987
1548147364864838123
1548147364914798021
1548147364964757919
1548147365014718056
1548147365064677954
1548147365114638090
1548147365164597988
1548147365214558125
1548147365264518023
1548147365314477921
1548147365364438057
1548147365414407969
1548147365464368105
1548147365514317989
1548147365564287901
1548147365614248037
1548147365664207935
1548147365714168072
1548147365764127970
1548147365814088106
1548147365864048004
1548147365914007902
1548147365963968039
1548147366013927937
1548147366063888073
1548147366113847971
1548147366163808107
1548147366213768005
1548147366263727903
1548147366313698053
1548147366363657951
1548147366413618088
1548147366463577986
1548147366513537884
1548147366563498020
1548147366613457918
1548147366663418055
1548147366713377953
1548147366763338089
1548147366813297987
1548147366863257885
1548147366913218021
1548147366963177919
1548147367013138056
1548147367063097954
1548147367113058090
1548147367163017988
1548147367212987900
1548147367262948036
1548147367312907934
1548147367362868071
1548147367412827969
1548147367462787867
1548147367512748003
1548147367562707901
1548147367612668037
1548147367662627935
1548147367712588072
1548147367762547970
1548147367812507868
1548147367862468004
1548147367912427902
1548147367962388039
1548147368012347937
1548147368062317848
1548147368112277985
1548147368162237883
1548147368212198019
1548147368262157917
1548147368312118053
1548147368362077951
1548147368412037849
1548147368461997986
1548147368511957884
1548147368561918020
1548147368611877918
1548147368661838055
1548147368711797953
1548147368761757851
1548147368811717987
1548147368861677885
1548147368911638021
1548147368961607933
1548147369011567831
1548147369061527967
1548147369111487865
1548147369161448002
1548147369211407900
1548147369261368036
1548147369311327934
1548147369361287832
1548147369411247969
1548147369461207867
1548147369511168003
1548147369561137915
1548147369611087799
1548147369661047935
1548147369711007833
1548147369760967970
1548147369810927868
1548147369860898018
1548147369910857916
1548147369960817814
1548147370010777950
1548147370060737848
1548147370110697985
1548147370160657883
1548147370210617781
1548147370260577917
1548147370310537815
1548147370360497952
1548147370410457850
1548147370460417986
1548147370510377884
1548147370560337782
1548147370610297918
1548147370660257816
1548147370710227966
1548147370760177851
1548147370810148001
1548147370860107899
1548147370910067797
1548147370960027933
1548147371009987831
1548147371059947968
1548147371109907866
1548147371159867764
1548147371209827900
1548147371259787798
1548147371309747934
1548147371359707832
1548147371409667969
1548147371459627867
1548147371509597778
1548147371559557915
1548147371609507799
1548147371659477949
1548147371709437847
1548147371759397745
1548147371809357882
1548147371859317780
1548147371909277916
1548147371959237814
1548147372009197950
1548147372059157848
1548147372109117746
1548147372159077883
1548147372209037781
1548147372258997917
1548147372308957815
1548147372358917952
1548147372408877850
1548147372458837748
1548147372508807898
1548147372558767796
1548147372608727932
1548147372658687830
1548147372708647728
1548147372758607864
1548147372808567762
1548147372858527899
1548147372908487797
1548147372958447933
1548147373008407831
1548147373058367729
1548147373108327866
1548147373158287764
1548147373208247900
1548147373258207798
1548147373308177710
1548147373358137846
1548147373408097744
1548147373458057880
1548147373508017778
1548147373557977915
1548147373607937813
1548147373657897711
1548147373707857847
1548147373757817745
1548147373807777882
1548147373857737780
1548147373907697916
1548147373957657814
1548147374007617712
1548147374057577848
1548147374107537746
1548147374157497883
1548147374207467794
1548147374257417679
1548147374307387829
1548147374357347727
1548147374407307863
1548147374457267761
1548147374507227898
1548147374557187796
1548147374607147694
1548147374657107830
1548147374707067728
1548147374757027864
1548147374806987762
1548147374856947660
1548147374906907797
1548147374956867695
1548147375006827831
1548147375056787729
1548147375106757879
1548147375156717777
1548147375206677675
1548147375256637812
1548147375306597710
1548147375356557846
1548147375406517744
1548147375456477880
1548147375506437778
1548147375556397676
1548147375606357813
1548147375656317711
1548147375706277847
1548147375756237745
1548147375806197643
1548147375856157780
1548147375906117678
1548147375956087828
1548147376006047726
1548147376056007862
1548147376105967760
1548147376155927658
1548147376205887794
1548147376255847692
1548147376305807829
1548147376355767727
1548147376405727625
1548147376455687761
1548147376505647659
1548147376555607796
1548147376605567694
1548147376655527830
1548147376705487728
1548147376755447626
1548147376805417776
1548147376855367661
1548147376905337811
1548147376955297709
1548147377005257607
1548147377055217743
1548147377105177641
1548147377155137777
1548147377205097675
1548147377255057812
1548147377305017710
1548147377354977608
1548147377404937744
1548147377454897642
1548147377504857779
1548147377554817677
1548147377604777813
1548147377654737711
1548147377704697609
1548147377754667759
1548147377804627657
1548147377854587793
1548147377904547691
1548147377954507589
1548147378004467726
1548147378054427624
1548147378104387760
1548147378154347658
1548147378204307795
1548147378254267693
1548147378304227591
1548147378354187727
1548147378404147625
1548147378454107761
1548147378504067659
1548147378554027796
1548147378603997707
1548147378653957605
1548147378703917742
1548147378753877640
1548147378803837776
1548147378853797674
1548147378903757572
1548147378953717709
1548147379003677607
1548147379053637743
1548147379103597641
1548147379153557777
1548147379203517675
1548147379253477573
1548147379303437710
1548147379353397608
1548147379403357744
1548147379453327656
1548147379503277779
1548147379553247690
1548147379603207588
1548147379653167725
1548147379703127623
1548147379753087759
1548147379803047657
1548147379853007555
1548147379902967691
1548147379952927589
1548147380002887726
1548147380052857637
1548147380102807760
1548147380152767658
1548147380202727556
1548147380252687693
1548147380302657604
1548147380352607727
1548147380402577639
1548147380452537537
1548147380502497673
1548147380552457571
1548147380602417707
1548147380652377605
1548147380702337742
1548147380752297640
1548147380802257538
1548147380852217674
1548147380902177572
1548147380952137709
1548147381002097607
1548147381052057505
1548147381102017641
1548147381151977539
1548147381201947689
1548147381251907587
1548147381301867723
1548147381351827621
1548147381401787519
1548147381451747656
1548147381501707554
1548147381551667690
1548147381601627588
1548147381651587725
1548147381701547623
1548147381751507521
1548147381801467657
1548147381851427555
1548147381901387691
1548147381951347589
1548147382001307487
1548147382051277637
1548147382101237535
1548147382151197672
1548147382201157570
1548147382251117706
1548147382301077604
1548147382351037502
1548147382400997639
1548147382450957537
1548147382500917673
1548147382550877571
1548147382600837469
1548147382650797606
1548147382700757504
1548147382750717640
1548147382800677538
1548147382850637674
1548147382900597572
1548147382950567484
1548147383000527620
1548147383050487518
1548147383100447655
1548147383150407553
1548147383200367451
1548147383250327587
1548147383300287485
1548147383350247622
1548147383400207520
1548147383450167656
1548147383500127554
1548147383550087452
1548147383600047588
1548147383650007486
1548147383699967623
1548147383749927521
1548147383799887657
1548147383849857569
1548147383899817467
1548147383949777603
1548147383999737501
1548147384049697638
1548147384099657536
1548147384149617434
1548147384199577570
1548147384249537468
1548147384299497604
1548147384349457502
1548147384399417639
1548147384449377537
1548147384499337435
1548147384549297571
1548147384599257469
1548147384649217606
1548147384699187517
1548147384749147415
1548147384799107552
1548147384849067450
1548147384899027586
1548147384948987484
1548147384998947620
1548147385048907518
1548147385098867416
1548147385148827553
1548147385198787451
1548147385248747587
1548147385298717499
1548147385348667622
1548147385398627520
1548147385448587418
1548147385498547554
1548147385548517466
1548147385598467588
1548147385648437500
1548147385698397398
1548147385748357534
1548147385798317432
1548147385848277569
1548147385898237467
1548147385948197603
1548147385998157501
1548147386048117399
1548147386098077536
1548147386148037434
1548147386197997570
1548147386247957468
1548147386297917604
1548147386347877502
1548147386397847414
1548147386447797537
1548147386497767448
1548147386547727585
1548147386597687483
1548147386647647381
1548147386697607517
1548147386747567415
1548147386797527552
1548147386847487450
1548147386897447586
1548147386947407484
1548147386997367382
1548147387047327518
1548147387097287416
1548147387147257566
1548147387197207451
1548147387247167349
1548147387297127485
1548147387347097397
1548147387397057533
1548147387447017431
1548147387496977568
1548147387546937466
1548147387596897364
1548147387646857500
1548147387696817398
1548147387746777534
1548147387796737432
1548147387846697569
1548147387896657467
1548147387946617365
1548147387996577501
1548147388046537399
1548147388096497536
1548147388146467447
1548147388196427345
1548147388246387482
1548147388296347380
1548147388346307516
1548147388396267414
1548147388446227551
1548147388496187449
1548147388546147346
1548147388596107483
1548147388646067381
1548147388696027517
1548147388745987415
1548147388795947313
1548147388845907450
1548147388895867348
1548147388945827484
1548147388995797396
1548147389045757532
1548147389095717430
1548147389145677328
1548147389195637465
1548147389245597363
1548147389295557499
1548147389345517397
1548147389395477295
1548147389445437431
1548147389495397329
1548147389545357466
1548147389595317364
1548147389645277500
1548147389695237398
1548147389745197296
1548147389795157433
1548147389845117331
1548147389895077467
1548147389945047379
1548147389995007515
1548147390044967413
1548147390094927311
1548147390144887447
1548147390194847345
1548147390244807482
1548147390294767380
1548147390344727278
1548147390394687414
1548147390444647312
1548147390494607449
1548147390544567347
1548147390594527483
1548147390644487381
1548147390694447279
1548147390744407415
1548147390794377327
1548147390844327450
1548147390894297361
1548147390944257259
1548147390994217396
1548147391044177294
1548147391094137430
1548147391144097328
1548147391194057465
1548147391244017363
1548147391293977261
1548147391343937397
1548147391393897295
1548147391443857431
1548147391493817329
1548147391543777466
1548147391593737364
1548147391643697262
1548147391693657398
1548147391743627310
1548147391793587446
1548147391843547344
1548147391893507242
1548147391943467379
1548147391993427277
1548147392043387413
1548147392093347311
1548147392143307447
1548147392193267345
1548147392243227243
1548147392293187380
1548147392343147278
1548147392393117428
1548147392443067312
1548147392493037224
1548147392542987347
1548147392592957258
1548147392642917395
1548147392692877293
1548147392742837429
1548147392792797327
1548147392842757225
1548147392892717361
1548147392942677259
1548147392992637396
1548147393042597294
1548147393092557430
1548147393142517328
1548147393192477226
1548147393242437363
1548147393292397261
1548147393342357397
1548147393392327309
1548147393442287207
1548147393492247343
1548147393542207241
1548147393592167377
1548147393642127275
1548147393692087412
1548147393742047310
1548147393792007208
1548147393841967344
1548147393891927242
1548147393941887379
1548147393991847277
1548147394041807413
1548147394091767311
1548147394141727209
1548147394191687346
1548147394241657257
1548147394291617393
1548147394341577291
1548147394391537189
1548147394441497326
1548147394491457224
1548147394541417360
1548147394591377258
1548147394641337395
1548147394691297293
1548147394741257191
1548147394791217327
1548147394841177225
1548147394891137362
1548147394941097260
1548147394991057158
1548147395041017294
1548147395090977192
1548147395140937328
1548147395190907240
1548147395240867376
1548147395290827274
1548147395340787172
1548147395390747309
1548147395440707207
1548147395490667343
1548147395540627241
1548147395590587139
1548147395640547276
1548147395690507174
1548147395740467310
1548147395790427208
1548147395840387344
1548147395890347242
1548147395940307140
1548147395990267277
1548147396040237188
1548147396090197325
1548147396140157223
1548147396190117359
1548147396240077257
1548147396290037155
1548147396339997292
1548147396389957190
1548147396439917326
1548147396489877224
1548147396539837122
1548147396589797258
1548147396639757156
1548147396689717293
1548147396739677191
1548147396789637327
1548147396839597225
1548147396889567137
1548147396939527273
1548147396989487171
1548147397039447308
1548147397089407206
1548147397139367104
1548147397189327240
1548147397239287138
1548147397289247274
1548147397339207172
1548147397389167309
1548147397439127207
1548147397489087105
1548147397539047241
1548147397589007139
1548147397638977289
1548147397688927174
1548147397738887310
1548147397788847208
1548147397838817120
1548147397888777256
1548147397938737154
1548147397988697290
1548147398038657188
1548147398088617086
1548147398138577223
1548147398188537121
1548147398238497257
1548147398288457155
1548147398338417292
1548147398388377190
1548147398438337088
1548147398488297224
1548147398538257122
1548147398588217258
1548147398638177156
1548147398688147068
1548147398738107204
1548147398788067102
1548147398838027239
1548147398887987137
1548147398937947273
1548147398987907171
1548147399037867069
1548147399087827206
1548147399137787104
1548147399187747240
1548147399237707138
1548147399287667274
1548147399337627172
1548147399387587070
1548147399437547207
1548147399487517118
1548147399537477255
1548147399587437153
1548147399637397051
1548147399687357187
1548147399737317085
1548147399787277222
1548147399837237120
1548147399887197256
1548147399937157154
1548147399987117052
1548147400037077188
1548147400087037086
1548147400136997223
1548147400186957121
1548147400236917257
1548147400286877155
1548147400336837053
1548147400386807203
1548147400436767101
1548147400486727238
1548147400536687136
1548147400586647034
1548147400636607170
1548147400686567068
1548147400736527205
1548147400786487103
1548147400836447239
1548147400886407137
1548147400936367035
1548147400986327171
1548147401036287069
1548147401086247206
1548147401136207104
1548147401186167002
1548147401236127138
1548147401286097050
1548147401336057186
1548147401386017084
1548147401435977221
1548147401485937119
1548147401535897017
1548147401585857153
1548147401635817051
1548147401685777187
1548147401735737085
1548147401785696983
1548147401835657120
1548147401885617018
1548147401935577154
1548147401985537052
1548147402035497189
1548147402085457087
1548147402135426998
1548147402185387135
1548147402235347033
1548147402285307169
1548147402335267067
1548147402385226965
1548147402435187101
1548147402485146999
1548147402535107136
1548147402585067034
1548147402635027170
1548147402684987068
1548147402734946966
1548147402784907103
1548147402834867001
1548147402884827137
1548147402934787035
1548147402984747171
1548147403034717083
1548147403084676981
1548147403134637117
1548147403184597015
1548147403234557152
1548147403284517050
1548147403334476948
1548147403384437084
1548147403434396982
1548147403484357119
1548147403534317017
1548147403584277153
1548147403634237051
1548147403684196949
1548147403734157085
1548147403784116983
1548147403834077120
1548147403884037018
1548147403934006929
1548147403983967066
1548147404033926964
1548147404083887100
1548147404133846998
1548147404183807135
1548147404233767033
1548147404283726931
1548147404333687067
1548147404383646965
1548147404433607101
1548147404483566999
1548147404533527136
1548147404583487034
1548147404633446932
1548147404683407068
1548147404733376980
1548147404783337116
1548147404833297014
1548147404883256912
1548147404933217049
1548147404983176947
1548147405033137083
1548147405083096981
1548147405133057117
1548147405183017015
1548147405232976913
1548147405282937050
1548147405332896948
1548147405382857084
1548147405432816982
1548147405482777119
1548147405532737017
1548147405582706928
1548147405632667065
1548147405682616949
1548147405732587099
1548147405782546997
1548147405832506895
1548147405882467031
1548147405932426929
1548147405982387066
1548147406032346964
1548147406082307100
1548147406132266998
1548147406182226896
1548147406232187033
1548147406282146931
1548147406332107067
1548147406382066965
1548147406432026863
1548147406481987000
1548147406531946898
1548147406581917048
1548147406631876945
1548147406681837082
1548147406731796980
1548147406781756878
1548147406831717014
1548147406881676912
1548147406931637049
1548147406981596947
1548147407031557083
1548147407081516981
1548147407131476879
1548147407181437016
1548147407231396914
1548147407281357050
1548147407331316948
1548147407381286860
1548147407431246996
1548147407481206894
1548147407531167030
1548147407581126928
1548147407631087065
1548147407681046963
1548147407731006861
1548147407780966997
1548147407830926895
1548147407880887032
1548147407930846930
1548147407980806828
1548147408030766964
1548147408080726862
1548147408130686998
1548147408180646896
1548147408230607033
1548147408280576944
1548147408330536842
1548147408380496979
1548147408430456877
1548147408480417013
1548147408530376911
1548147408580336809
1548147408630296946
1548147408680256844
1548147408730216980
1548147408780176878
1548147408830137014
1548147408880096912
1548147408930056810
1548147408980016947
1548147409029976845
1548147409079936981
1548147409129906893
1548147409179867029
1548147409229826927
1548147409279786825
1548147409329746962
1548147409379706860
1548147409429666996
1548147409479626894
1548147409529586792
1548147409579546928
1548147409629506826
1548147409679466963
1548147409729426861
1548147409779386997
1548147409829346895
1548147409879306793
1548147409929266930
1548147409979236841
1548147410029196978
1548147410079156876
1548147410129116774
1548147410179076910
1548147410229036808
1548147410278996944
1548147410328956842
1548147410378916979
1548147410428876877
1548147410478836775
1548147410528796911
1548147410578756809
1548147410628716946
1548147410678676844
1548147410728636980
1548147410778596878
1548147410828556776
1548147410878526926
1548147410928486824
1548147410978446960
1548147411028406858
1548147411078366756
1548147411128326893
1548147411178286791
1548147411228246927
1548147411278206825
1548147411328166962
1548147411378126860
1548147411428086758
1548147411478046894
1548147411528006792
1548147411577966928
1548147411627926826
1548147411677886963
1548147411727856874
1548147411777806759
1548147411827776909
1548147411877736807
1548147411927696943
1548147411977656841
1548147412027616739
1548147412077576876
1548147412127536774
1548147412177496910
1548147412227456808
1548147412277416945
1548147412327376842
1548147412377336740
1548147412427296877
1548147412477256775
1548147412527216911
1548147412577176809
1548147412627136707
1548147412677106857
1548147412727066755
1548147412777026892
1548147412826986790
1548147412876946926
1548147412926906824
1548147412976866722
1548147413026826859
1548147413076786757
1548147413126746893
1548147413176706791
1548147413226666927
1548147413276626825
1548147413326586723
1548147413376546860
1548147413426506758
1548147413476476908
1548147413526436806
1548147413576396704
1548147413626356840
1548147413676316738
1548147413726276875
1548147413776236773
1548147413826196909
1548147413876156807
1548147413926116705
1548147413976076841
1548147414026036739
1548147414075996876
1548147414125956774
1548147414175916672
1548147414225876808
1548147414275836706
1548147414325796843
1548147414375766754
1548147414425726891
1548147414475686789
1548147414525646687
1548147414575606823
1548147414625566721
1548147414675526857
1548147414725486755
