1548147005998077154
1548147006048037052
1548147006097997189
1548147006147967100
1548147006197926998
1548147006247887135
1548147006297847033
1548147006347807169
1548147006397767067
1548147006447727203
1548147006497687101
1548147006547646999
1548147006597607136
1548147006647567034
1548147006697527170
1548147006747497082
1548147006797446966
1548147006847407103
1548147006897367001
1548147006947327137
1548147006997287035
1548147007047247171
1548147007097217083
1548147007147176981
1548147007197137117
1548147007247097015
1548147007297057152
1548147007347017050
1548147007396976948
1548147007446937084
1548147007496896982
1548147007546857119
1548147007596817017
1548147007646777153
1548147007696737051
1548147007746696949
1548147007796657085
1548147007846616983
1548147007896577120
1548147007946547031
1548147007996506929
1548147008046467066
1548147008096426964
1548147008146387100
1548147008196346998
1548147008246307135
1548147008296267033
1548147008346226931
1548147008396187067
1548147008446146965
1548147008496107101
1548147008546066999
1548147008596027136
1548147008645987034
1548147008695946932
1548147008745917082
1548147008795876980
1548147008845827103
1548147008895797014
1548147008945756912
1548147008995717049
1548147009045676947
1548147009095637083
1548147009145596981
1548147009195557117
1548147009245517015
1548147009295476913
1548147009345437050
1548147009395396948
1548147009445357084
1548147009495316982
1548147009545277119
1548147009595237017
1548147009645206928
1548147009695157051
1548147009745126963
1548147009795087099
1548147009845046997
1548147009895006895
1548147009944967031
1548147009994926929
1548147010044887066
1548147010094846964
1548147010144807100
1548147010194766998
1548147010244726896
1548147010294687033
1548147010344646931
1548147010394607067
1548147010444566965
1548147010494527102
1548147010544497013
1548147010594456911
1548147010644417048
1548147010694376945
1548147010744337082
1548147010794296980
1548147010844256878
1548147010894217014
1548147010944176912
1548147010994137049
1548147011044096947
1548147011094057083
1548147011144016981
1548147011193976879
1548147011243937016
1548147011293896914
1548147011343857050
1548147011393816948
1548147011443786860
1548147011493746996
1548147011543706894
1548147011593667030
1548147011643626928
1548147011693587065
1548147011743546963
1548147011793506861
1548147011843466997
1548147011893426895
1548147011943387032
1548147011993346930
1548147012043306828
1548147012093266964
1548147012143226862
1548147012193186998
1548147012243146896
1548147012293107033
1548147012343076944
1548147012393036842
1548147012442996979
1548147012492956877
1548147012542917013
1548147012592876911
1548147012642837048
1548147012692796946
1548147012742756844
1548147012792716980
1548147012842676878
1548147012892637014
1548147012942596912
1548147012992556810
1548147013042516947
1548147013092476845
1548147013142436981
1548147013192406893
1548147013242367029
1548147013292326927
1548147013342286825
1548147013392246962
1548147013442206860
1548147013492166996
1548147013542126894
1548147013592086792
1548147013642046928
1548147013692006826
1548147013741966963
1548147013791926861
1548147013841886997
1548147013891846895
1548147013941806793
1548147013991766930
1548147014041726828
1548147014091686964
1548147014141656876
1548147014191616774
1548147014241576910
1548147014291536808
1548147014341496944
1548147014391456842
1548147014441416979
1548147014491376877
1548147014541336775
1548147014591296911
1548147014641256809
1548147014691216946
1548147014741176844
1548147014791136980
1548147014841096878
1548147014891056776
1548147014941016912
1548147014990986824
1548147015040936947
1548147015090906858
1548147015140866756
1548147015190826893
1548147015240786791
1548147015290746927
1548147015340706825
1548147015390666962
1548147015440626860
1548147015490586758
1548147015540546894
1548147015590506792
1548147015640466928
1548147015690426826
1548147015740386963
1548147015790346861
1548147015840306759
1548147015890266895
1548147015940236807
1548147015990196943
1548147016040156841
1548147016090116739
1548147016140076876
1548147016190036774
1548147016239996910
1548147016289956808
1548147016339916945
1548147016389876842
1548147016439836740
1548147016489796877
1548147016539756775
1548147016589716911
1548147016639676809
1548147016689636946
1548147016739596844
1548147016789566755
1548147016839526892
1548147016889486790
1548147016939446926
1548147016989406824
1548147017039366722
1548147017089326859
1548147017139286757
1548147017189246893
1548147017239216805
1548147017289166927
1548147017339126825
1548147017389086723
1548147017439046860
1548147017489006758
1548147017538966894
1548147017588926792
1548147017638896704
1548147017688856840
1548147017738816738
1548147017788776875
1548147017838736773
1548147017888696909
1548147017938656807
1548147017988616705
1548147018038576841
1548147018088536739
1548147018138496876
1548147018188456774
1548147018238416672
1548147018288376808
1548147018338336706
1548147018388296843
1548147018438256741
1548147018488216877
1548147018538176775
1548147018588146687
1548147018638106823
1548147018688066721
1548147018738026857
1548147018787986755
1548147018837946892
1548147018887906790
1548147018937866688
1548147018987826824
1548147019037786722
1548147019087746859
1548147019137706757
1548147019187666655
1548147019237626791
1548147019287586689
1548147019337546825
1548147019387516737
1548147019437476873
1548147019487436771
1548147019537396669
1548147019587356806
1548147019637316704
1548147019687276840
1548147019737236738
1548147019787196636
1548147019837156773
1548147019887116671
1548147019937076807
1548147019987036705
1548147020036996841
1548147020086956739
1548147020136916637
1548147020186876774
1548147020236836672
1548147020286806822
1548147020336766720
1548147020386726618
1548147020436686754
1548147020486646652
1548147020536606789
1548147020586566687
1548147020636526823
1548147020686486721
1548147020736446619
1548147020786406755
1548147020836366653
1548147020886326790
1548147020936286688
1548147020986246824
1548147021036206722
1548147021086166620
1548147021136126757
1548147021186096668
1548147021236056805
1548147021286016703
1548147021335976601
1548147021385936737
1548147021435896635
1548147021485856771
1548147021535816669
1548147021585776806
1548147021635736704
1548147021685696602
1548147021735656738
1548147021785616636
1548147021835576773
1548147021885536671
1548147021935496807
1548147021985456705
1548147022035416603
1548147022085386753
1548147022135346651
1548147022185306787
1548147022235266685
1548147022285226583
1548147022335186720
1548147022385146618
1548147022435106754
1548147022485066652
1548147022535026789
1548147022584986687
1548147022634946585
1548147022684906721
1548147022734866619
1548147022784826756
1548147022834786654
1548147022884746790
1548147022934706688
1548147022984676600
1548147023034636736
1548147023084596634
1548147023134556770
1548147023184516668
1548147023234476566
1548147023284436703
1548147023334396601
1548147023384356737
1548147023434316635
1548147023484276772
1548147023534236670
1548147023584196568
1548147023634156704
1548147023684116602
1548147023734076738
1548147023784036636
1548147023834006548
1548147023883966684
1548147023933926582
1548147023983886719
1548147024033846617
1548147024083806753
1548147024133766651
1548147024183726549
1548147024233686686
1548147024283646584
1548147024333606720
1548147024383566618
1548147024433526516
1548147024483486652
1548147024533446550
1548147024583406687
1548147024633366585
1548147024683336735
1548147024733286619
1548147024783256531
1548147024833216667
1548147024883176565
1548147024933136702
1548147024983096600
1548147025033056498
1548147025083016634
1548147025132976532
1548147025182936668
1548147025232896566
1548147025282856703
1548147025332816601
1548147025382776499
1548147025432736635
1548147025482696533
1548147025532656670
1548147025582616568
1548147025632586718
1548147025682546616
1548147025732506514
1548147025782466650
1548147025832426548
1548147025882386684
1548147025932346582
1548147025982306480
1548147026032266617
1548147026082226515
1548147026132186651
1548147026182146549
1548147026232106686
1548147026282066584
1548147026332026482
1548147026381986618
1548147026431946516
1548147026481916666
1548147026531866550
1548147026581836462
1548147026631796598
1548147026681756496
1548147026731716633
1548147026781676531
1548147026831636667
1548147026881596565
1548147026931556463
1548147026981516600
1548147027031476498
1548147027081436634
1548147027131396532
1548147027181356668
1548147027231316566
1548147027281276464
1548147027331236601
1548147027381196499
1548147027431166649
1548147027481126547
1548147027531086445
1548147027581046581
1548147027631006479
1548147027680966616
1548147027730926514
1548147027780886650
1548147027830846548
1548147027880806446
1548147027930766582
1548147027980726480
1548147028030686617
1548147028080646515
1548147028130606651
1548147028180566549
1548147028230536461
1548147028280496597
1548147028330456495
1548147028380416632
1548147028430376530
1548147028480336428
1548147028530296564
1548147028580256462
1548147028630216599
1548147028680176497
1548147028730136633
1548147028780096531
1548147028830056429
1548147028880016565
1548147028929976463
1548147028979936600
1548147029029896498
1548147029079856396
1548147029129826546
1548147029179786444
1548147029229746580
1548147029279706478
1548147029329666615
1548147029379626513
1548147029429586411
1548147029479546547
1548147029529506445
1548147029579466581
1548147029629426479
1548147029679386616
1548147029729346514
1548147029779306412
1548147029829266548
1548147029879226446
1548147029929186583
1548147029979146481
1548147030029116392
1548147030079076529
1548147030129036427
1548147030178996563
1548147030228956461
1548147030278916597
1548147030328876495
1548147030378836393
1548147030428796530
1548147030478756428
1548147030528716564
1548147030578676462
1548147030628636360
1548147030678596497
1548147030728556395
1548147030778516531
1548147030828476429
1548147030878446579
1548147030928396463
1548147030978366375
1548147031028326511
1548147031078286409
1548147031128246546
1548147031178206444
1548147031228166342
1548147031278126478
1548147031328086376
1548147031378046513
1548147031428006411
1548147031477966547
1548147031527926445
1548147031577886343
1548147031627846479
1548147031677806377
1548147031727766514
1548147031777726412
1548147031827696562
1548147031877656460
1548147031927616358
1548147031977576494
1548147032027536392
1548147032077496529
1548147032127456427
1548147032177416325
1548147032227376461
1548147032277336359
1548147032327296495
1548147032377256393
1548147032427216530
1548147032477176428
1548147032527136326
1548147032577096462
1548147032627056360
1548147032677026510
1548147032726986408
1548147032776946306
1548147032826906443
1548147032876866341
1548147032926826477
1548147032976786375
1548147033026746511
1548147033076706409
1548147033126666307
1548147033176626444
1548147033226586342
1548147033276546478
1548147033326506376
1548147033376466513
1548147033426426411
1548147033476386309
1548147033526356459
1548147033576306343
1548147033626276493
1548147033676236391
1548147033726196289
1548147033776156425
1548147033826116323
1548147033876076460
1548147033926036358
1548147033975996494
1548147034025956392
1548147034075916290
1548147034125876427
1548147034175836325
1548147034225796461
1548147034275756359
1548147034325716496
1548147034375676394
1548147034425636292
1548147034475606441
1548147034525566339
1548147034575526476
1548147034625486374
1548147034675446272
1548147034725406408
1548147034775366306
1548147034825326443
1548147034875286341
1548147034925246477
1548147034975206375
1548147035025166273
1548147035075126410
1548147035125086308
1548147035175046444
1548147035225006342
1548147035274976254
1548147035324936390
1548147035374896288
1548147035424856424
1548147035474816322
1548147035524776459
1548147035574736357
1548147035624696255
1548147035674656391
1548147035724616289
1548147035774576426
1548147035824536324
1548147035874496460
1548147035924456358
1548147035974416256
1548147036024376392
1548147036074336290
1548147036124296427
1548147036174256325
1548147036224216223
1548147036274186373
1548147036324146271
1548147036374106407
1548147036424066305
1548147036474026442
1548147036523986340
1548147036573946238
1548147036623906374
1548147036673876286
1548147036723826408
1548147036773786306
1548147036823746204
1548147036873706341
1548147036923666239
1548147036973626375
1548147037023586273
1548147037073556423
1548147037123516321
1548147037173476219
1548147037223436356
1548147037273396254
1548147037323356390
1548147037373316288
1548147037423276186
1548147037473236322
1548147037523196220
1548147037573156357
1548147037623116255
1548147037673076391
1548147037723036289
1548147037772996187
1548147037822956324
1548147037872916222
1548147037922876358
1548147037972846270
1548147038022796392
1548147038072766304
1548147038122726202
1548147038172686338
1548147038222646236
1548147038272606373
1548147038322566271
1548147038372526169
1548147038422486305
1548147038472446203
1548147038522406340
1548147038572366238
1548147038622326374
1548147038672286272
1548147038722246170
1548147038772206306
1548147038822166204
1548147038872136354
1548147038922096252
1548147038972056150
1548147039022016287
1548147039071976185
1548147039121936321
1548147039171896219
1548147039221856356
1548147039271816254
1548147039321776152
1548147039371736288
1548147039421696186
1548147039471656322
1548147039521616220
1548147039571576357
1548147039621536255
1548147039671496153
1548147039721466303
1548147039771426201
1548147039821386337
1548147039871346235
1548147039921306133
1548147039971266270
1548147040021226168
1548147040071186304
1548147040121146202
1548147040171106339
1548147040221066236
1548147040271026134
1548147040320986271
1548147040370946169
1548147040420906305
1548147040470866203
1548147040520826340
1548147040570786238
1548147040620746136
1548147040670716286
1548147040720676184
1548147040770636320
1548147040820596218
1548147040870556116
1548147040920516253
1548147040970476151
1548147041020436287
1548147041070396185
1548147041120356321
1548147041170316219
1548147041220276117
1548147041270236254
1548147041320196152
1548147041370156288
1548147041420116186
1548147041470076084
1548147041520046234
1548147041570006132
1548147041619966269
1548147041669926167
1548147041719886303
1548147041769846201
1548147041819806099
1548147041869766235
1548147041919726133
1548147041969686270
1548147042019646168
1548147042069606304
1548147042119566202
1548147042169526100
1548147042219486237
1548147042269446135
1548147042319406271
1548147042369376183
1548147042419326067
1548147042469296217
1548147042519256115
1548147042569216251
1548147042619176149
1548147042669136286
1548147042719096184
1548147042769056082
1548147042819016218
1548147042868976116
1548147042918936253
1548147042968896151
1548147043018856049
1548147043068816185
1548147043118776083
1548147043168736219
1548147043218696117
1548147043268656254
1548147043318626165
1548147043368586063
1548147043418546200
1548147043468506098
1548147043518466234
1548147043568426132
1548147043618386030
1548147043668346167
1548147043718306065
1548147043768266201
1548147043818226099
1548147043868186235
1548147043918146133
1548147043968106031
1548147044018066168
1548147044068026066
1548147044117996216
1548147044167956114
1548147044217916250
1548147044267876148
1548147044317836046
1548147044367796183
1548147044417756081
1548147044467716217
1548147044517676115
1548147044567636013
1548147044617596149
1548147044667556047
1548147044717516184
1548147044767476082
1548147044817436218
1548147044867396116
1548147044917356014
1548147044967316151
1548147045017276049
1548147045067236185
1548147045117206097
1548147045167165995
1548147045217126131
1548147045267086029
1548147045317046165
1548147045367006063
1548147045416966200
1548147045466926098
1548147045516885996
1548147045566846132
1548147045616806030
1548147045666766167
1548147045716726065
1548147045766686201
1548147045816646099
1548147045866605997
1548147045916576147
1548147045966536045
1548147046016496181
1548147046066456079
1548147046116415977
1548147046166376114
1548147046216336012
1548147046266296148
1548147046316256046
1548147046366216183
1548147046416176081
1548147046466135979
1548147046516096115
1548147046566056013
1548147046616016150
1548147046665976048
1548147046715936184
1548147046765906096
1548147046815865993
1548147046865816116
1548147046915786028
1548147046965746164
1548147047015706062
1548147047065665960
1548147047115626097
1548147047165585995
1548147047215546131
1548147047265506029
1548147047315466166
1548147047365426064
1548147047415385962
1548147047465346098
1548147047515305996
1548147047565266132
1548147047615226030
1548147047665185928
1548147047715156078
1548147047765115976
1548147047815076113
1548147047865036011
1548147047914996147
1548147047964956045
1548147048014915943
1548147048064876080
1548147048114835978
1548147048164796114
1548147048214756012
1548147048264716148
1548147048314676046
1548147048364635944
1548147048414596081
1548147048464555979
1548147048514516115
1548147048564486027
1548147048614445925
1548147048664406061
1548147048714365959
1548147048764326096
1548147048814285994
1548147048864246130
1548147048914206028
1548147048964165926
1548147049014126062
1548147049064085960
1548147049114046097
1548147049164005995
1548147049213965893
1548147049263926029
1548147049313885927
1548147049363846064
1548147049413805962
1548147049463766098
1548147049513736010
1548147049563695908
1548147049613656044
1548147049663615942
1548147049713576078
1548147049763535976
1548147049813495874
1548147049863456011
1548147049913415909
1548147049963376045
1548147050013335943
1548147050063296080
1548147050113255978
1548147050163215876
1548147050213176012
1548147050263135910
1548147050313096046
1548147050363065958
1548147050413026094
1548147050462985992
1548147050512945890
1548147050562906027
1548147050612865925
1548147050662826061
1548147050712785959
1548147050762745857
1548147050812705994
1548147050862665892
1548147050912626028
1548147050962585926
1548147051012546062
1548147051062505960
1548147051112465858
1548147051162425995
1548147051212395906
1548147051262346029
1548147051312315941
1548147051362275839
1548147051412235975
1548147051462195873
1548147051512156010
1548147051562115908
1548147051612076044
1548147051662035942
1548147051711995840
1548147051761955976
1548147051811915874
1548147051861876011
1548147051911835909
1548147051961796045
1548147052011755943
1548147052061725855
1548147052111675978
1548147052161645889
1548147052211606026
1548147052261565924
1548147052311525822
1548147052361485958
1548147052411445856
1548147052461405993
1548147052511365891
1548147052561326027
1548147052611285925
1548147052661245823
1548147052711205959
1548147052761165857
1548147052811125994
1548147052861085892
1548147052911046028
1548147052961015940
1548147053010975838
1548147053060935974
1548147053110895872
1548147053160856009
1548147053210815907
1548147053260775805
1548147053310735941
1548147053360695839
1548147053410655975
1548147053460615873
1548147053510576010
1548147053560535908
1548147053610495806
1548147053660455942
1548147053710415840
1548147053760375977
1548147053810335875
1548147053860295773
1548147053910255909
1548147053960225821
1548147054010185957
1548147054060145855
1548147054110105991
1548147054160065889
1548147054210025787
1548147054259985924
1548147054309945822
1548147054359905958
1548147054409865856
1548147054459825754
1548147054509785891
1548147054559745789
1548147054609705925
1548147054659665823
1548147054709625959
1548147054759585857
1548147054809555769
1548147054859515905
1548147054909475803
1548147054959435940
1548147055009395838
1548147055059355974
1548147055109315872
1548147055159275770
1548147055209235907
1548147055259195805
1548147055309155941
1548147055359115839
1548147055409075737
1548147055459035873
1548147055508995771
1548147055558955908
1548147055608915806
1548147055658885956
1548147055708845854
1548147055758805752
1548147055808765888
1548147055858725786
1548147055908685923
1548147055958645821
1548147056008605719
1548147056058565855
1548147056108525753
1548147056158485889
1548147056208445787
1548147056258405924
1548147056308365822
1548147056358325720
1548147056408285856
1548147056458245754
1548147056508205891
1548147056558175802
1548147056608135700
1548147056658095837
1548147056708055735
1548147056758015871
1548147056807975769
1548147056857935905
1548147056907895803
1548147056957855701
1548147057007815838
1548147057057775736
1548147057107735872
1548147057157695770
1548147057207655907
1548147057257615805
1548147057307575703
1548147057357535839
1548147057407505751
1548147057457465887
1548147057507425785
1548147057557385683
1548147057607345819
1548147057657305717
1548147057707265854
1548147057757225752
1548147057807185888
1548147057857145786
1548147057907105684
1548147057957065821
1548147058007025719
1548147058056985855
1548147058106945753
1548147058156905890
1548147058206865788
1548147058256825686
1548147058306785822
1548147058356755733
1548147058406715870
1548147058456675768
1548147058506635666
1548147058556595802
1548147058606555700
1548147058656515837
1548147058706475735
1548147058756435871
1548147058806395769
1548147058856355667
1548147058906315804
1548147058956275702
1548147059006235838
1548147059056195736
1548147059106155872
1548147059156115770
1548147059206085682
1548147059256045818
1548147059306005716
1548147059355965853
1548147059405925751
1548147059455885649
1548147059505845785
1548147059555805683
1548147059605765820
1548147059655725718
1548147059705685854
1548147059755645752
1548147059805605650
1548147059855565786
1548147059905525684
1548147059955485821
1548147060005445719
1548147060055415630
1548147060105375767
1548147060155335665
1548147060205295801
1548147060255255699
1548147060305215836
1548147060355175734
1548147060405135632
1548147060455095768
1548147060505055666
1548147060555015802
1548147060604975700
1548147060654935598
1548147060704895735
1548147060754855633
1548147060804815769
1548147060854775667
1548147060904745817
1548147060954695702
1548147061004665613
1548147061054625750
1548147061104585648
1548147061154545784
1548147061204505682
1548147061254465818
1548147061304425716
1548147061354385614
1548147061404345751
1548147061454305649
1548147061504265785
1548147061554225683
1548147061604185581
1548147061654145718
1548147061704105616
1548147061754065752
1548147061804025650
1548147061853995800
1548147061903955698
1548147061953915596
1548147062003875732
1548147062053835630
1548147062103795767
1548147062153755665
1548147062203715563
1548147062253675699
1548147062303635597
1548147062353595734
1548147062403555632
1548147062453515768
1548147062503475666
1548147062553435564
1548147062603395700
1548147062653355598
1548147062703325748
1548147062753275633
1548147062803245544
1548147062853205681
1548147062903165579
1548147062953125715
1548147063003085613
1548147063053045750
1548147063103005648
1548147063152965546
1548147063202925682
1548147063252885580
1548147063302845716
1548147063352805614
1548147063402765751
1548147063452725649
1548147063502685547
1548147063552645683
1548147063602605581
1548147063652575731
1548147063702535629
1548147063752495527
1548147063802455664
1548147063852415562
1548147063902375698
1548147063952335596
1548147064002295732
1548147064052255630
1548147064102215528
1548147064152175665
1548147064202135563
1548147064252095699
1548147064302055597
1548147064352015734
1548147064401975632
1548147064451945543
1548147064501905680
1548147064551865578
1548147064601825714
1548147064651785612
1548147064701745510
1548147064751705647
1548147064801665545
1548147064851625681
1548147064901585579
1548147064951545715
1548147065001505613
1548147065051465511
1548147065101425648
1548147065151385546
1548147065201345682
1548147065251305580
1548147065301275492
1548147065351235628
1548147065401195526
1548147065451155663
1548147065501115561
1548147065551075697
1548147065601035595
1548147065650995493
1548147065700955629
1548147065750915527
1548147065800875664
1548147065850835562
1548147065900795698
1548147065950755596
1548147066000715494
1548147066050675631
1548147066100635529
1548147066150595665
1548147066200555563
1548147066250525475
1548147066300485611
1548147066350445509
1548147066400405645
1548147066450365543
1548147066500325680
1548147066550285578
1548147066600245476
1548147066650205612
1548147066700165510
1548147066750125647
1548147066800085545
1548147066850045443
1548147066900005579
1548147066949965477
1548147066999925613
1548147067049885511
1548147067099855661
1548147067149815559
1548147067199775457
1548147067249735594
1548147067299695492
1548147067349655628
1548147067399615526
1548147067449575663
1548147067499535561
1548147067549495459
1548147067599455595
1548147067649415493
1548147067699375629
1548147067749335527
1548147067799295425
1548147067849255562
1548147067899215460
1548147067949175596
1548147067999135494
1548147068049105644
1548147068099065542
1548147068149025440
1548147068198985577
1548147068248945475
1548147068298905611
1548147068348865509
1548147068398825407
1548147068448785543
1548147068498745441
1548147068548705578
1548147068598665476
1548147068648625612
1548147068698585510
1548147068748545408
1548147068798505545
1548147068848465443
1548147068898435593
1548147068948395491
1548147068998355389
1548147069048315525
1548147069098275423
1548147069148235559
1548147069198195457
1548147069248155594
1548147069298115492
1548147069348075390
1548147069398035526
1548147069447995424
1548147069497955561
1548147069547915459
1548147069597875595
1548147069647835493
1548147069697795391
1548147069747755527
1548147069797715425
1548147069847685575
1548147069897645473
1548147069947605371
1548147069997565508
1548147070047525406
1548147070097485542
1548147070147445440
1548147070197405577
1548147070247365475
1548147070297325373
1548147070347285509
1548147070397245407
1548147070447205544
1548147070497165442
1548147070547125578
1548147070597085476
1548147070647045374
1548147070697015524
1548147070746975422
1548147070796935558
1548147070846895456
1548147070896855354
1548147070946815491
1548147070996775389
1548147071046735525
1548147071096695423
1548147071146655560
1548147071196615458
1548147071246575356
1548147071296535492
1548147071346495390
1548147071396455526
1548147071446415424
1548147071496385336
1548147071546345472
1548147071596305370
1548147071646265507
1548147071696225405
1548147071746185541
1548147071796145439
1548147071846105337
1548147071896065474
1548147071946025372
1548147071995985508
1548147072045945406
1548147072095905542
1548147072145865440
1548147072195825338
1548147072245785475
1548147072295745373
1548147072345705509
1548147072395675421
1548147072445625305
1548147072495595455
1548147072545555353
1548147072595515490
1548147072645475388
1548147072695435524
1548147072745395422
1548147072795355320
1548147072845315456
1548147072895275354
1548147072945235491
1548147072995195389
1548147073045155287
1548147073095115423
1548147073145075321
1548147073195035458
1548147073244995356
1548147073294965506
1548147073344925404
1548147073394885302
1548147073444845438
1548147073494805336
1548147073544765472
1548147073594725370
1548147073644685507
1548147073694645405
1548147073744605303
1548147073794565439
1548147073844525337
1548147073894485474
1548147073944445372
1548147073994405270
1548147074044365406
1548147074094325304
1548147074144295454
1548147074194255352
1548147074244215488
1548147074294175386
1548147074344135284
1548147074394095421
1548147074444055319
1548147074494015455
1548147074543975353
1548147074593935251
1548147074643895388
1548147074693855286
1548147074743815422
1548147074793775320
1548147074843735456
1548147074893695354
1548147074943655252
1548147074993615389
1548147075043575287
1548147075093545437
1548147075143505335
1548147075193465233
1548147075243425369
1548147075293385267
1548147075343345404
1548147075393305302
1548147075443265438
1548147075493225336
1548147075543185234
1548147075593145370
1548147075643105268
1548147075693065405
1548147075743025303
1548147075792985439
1548147075842945337
1548147075892905235
1548147075942875385
1548147075992835283
1548147076042795420
1548147076092755318
1548147076142715216
1548147076192675352
1548147076242635250
1548147076292595387
1548147076342555285
1548147076392515421
1548147076442475319
1548147076492435217
1548147076542395353
1548147076592355251
1548147076642315388
1548147076692275286
1548147076742235422
1548147076792205334
1548147076842155218
1548147076892125368
1548147076942085266
1548147076992045403
1548147077042005301
1548147077091965199
1548147077141925335
1548147077191885233
1548147077241845369
1548147077291805267
1548147077341765404
1548147077391725302
1548147077441685200
1548147077491645336
1548147077541605234
1548147077591565371
1548147077641525269
1548147077691485405
1548147077741455317
1548147077791415215
1548147077841375351
1548147077891335249
1548147077941295385
1548147077991255283
1548147078041215181
1548147078091175318
1548147078141135216
1548147078191095352
1548147078241055250
1548147078291015387
1548147078340975285
1548147078390935183
1548147078440895319
1548147078490855217
1548147078540825367
1548147078590785265
1548147078640735149
1548147078690705299
1548147078740665197
1548147078790625334
1548147078840585232
1548147078890545368
1548147078940505266
1548147078990465164
1548147079040425301
1548147079090385199
1548147079140345335
1548147079190305233
1548147079240265131
1548147079290225267
1548147079340185165
1548147079390145302
1548147079440115213
1548147079490065336
1548147079540035248
1548147079589995146
1548147079639955282
1548147079689915180
1548147079739875317
1548147079789835215
1548147079839795351
1548147079889755249
1548147079939715147
1548147079989675283
1548147080039635181
1548147080089595318
1548147080139555216
1548147080189515114
1548147080239475250
1548147080289435148
1548147080339405298
1548147080389365196
1548147080439325333
1548147080489285231
1548147080539245129
1548147080589205265
1548147080639165163
1548147080689125299
1548147080739085197
1548147080789045095
1548147080839005232
1548147080888965130
1548147080938925266
1548147080988885164
1548147081038845301
1548147081088805199
1548147081138765097
1548147081188725233
1548147081238695145
1548147081288645267
1548147081338615179
1548147081388575077
1548147081438535213
1548147081488495111
1548147081538455248
1548147081588415146
1548147081638375282
1548147081688335180
1548147081738295078
1548147081788255215
1548147081838215113
1548147081888175249
1548147081938135147
1548147081988095284
1548147082038055182
1548147082088015079
1548147082137985229
1548147082187945127
1548147082237905264
1548147082287865162
1548147082337825060
1548147082387785196
1548147082437745094
1548147082487705231
1548147082537665129
1548147082587625265
1548147082637585163
1548147082687545061
1548147082737505198
1548147082787465096
1548147082837425232
1548147082887385130
1548147082937345266
1548147082987315178
1548147083037275076
1548147083087235212
1548147083137195110
1548147083187155247
1548147083237115145
1548147083287075043
1548147083337035179
1548147083386995077
1548147083436955214
1548147083486915112
1548147083536875248
1548147083586835146
1548147083636795044
1548147083686755180
1548147083736715078
1548147083786675215
1548147083836645126
1548147083886595011
1548147083936565161
1548147083986525059
1548147084036485195
1548147084086445093
1548147084136405230
1548147084186365128
1548147084236325026
1548147084286285162
1548147084336245060
1548147084386205196
1548147084436165094
1548147084486125231
1548147084536085129
1548147084586045027
1548147084636005163
1548147084685965061
1548147084735925198
1548147084785895109
1548147084835855007
1548147084885815144
1548147084935775042
1548147084985735178
1548147085035695076
1548147085085655212
1548147085135615110
1548147085185575008
1548147085235535145
1548147085285495043
1548147085335455179
1548147085385415077
1548147085435374975
1548147085485335112
1548147085535295010
1548147085585255146
1548147085635225058
1548147085685175180
1548147085735145092
1548147085785104990
1548147085835065126
1548147085885025024
1548147085934985161
1548147085984945059
1548147086034904957
1548147086084865093
1548147086134824991
1548147086184785128
1548147086234745026
1548147086284705162
1548147086334665060
1548147086384624958
1548147086434585094
1548147086484544992
1548147086534505129
1548147086584475040
1548147086634435177
1548147086684395075
1548147086734354973
1548147086784315109
1548147086834275007
1548147086884235144
1548147086934195042
1548147086984154940
1548147087034115076
1548147087084074974
1548147087134035110
1548147087183995008
1548147087233955145
1548147087283915043
1548147087333874941
1548147087383845091
1548147087433804989
1548147087483765125
1548147087533725023
1548147087583684921
1548147087633645058
1548147087683604956
1548147087733565092
1548147087783524990
1548147087833485126
1548147087883445024
1548147087933404922
1548147087983365059
1548147088033324957
1548147088083285093
1548147088133244991
1548147088183205128
1548147088233165026
1548147088283134937
1548147088333085060
1548147088383054972
1548147088433015108
1548147088482975006
1548147088532934904
1548147088582895041
1548147088632854939
1548147088682815075
1548147088732774973
1548147088782735109
1548147088832695007
1548147088882654905
1548147088932615042
1548147088982574940
1548147089032535076
1548147089082494974
1548147089132455111
1548147089182425022
1548147089232384920
1548147089282345057
1548147089332304955
1548147089382265091
1548147089432224989
1548147089482184887
1548147089532145023
1548147089582104921
1548147089632065058
1548147089682024956
1548147089731985092
1548147089781944990
1548147089831904888
1548147089881865025
1548147089931824923
1548147089981785059
1548147090031754971
1548147090081714869
1548147090131675005
1548147090181634903
1548147090231595039
1548147090281554937
1548147090331515074
1548147090381474972
1548147090431434870
1548147090481395006
1548147090531354904
1548147090581315041
1548147090631274939
1548147090681235075
1548147090731194973
1548147090781154871
1548147090831115007
1548147090881074905
1548147090931035042
1548147090981004953
1548147091030964851
1548147091080924988
1548147091130884886
1548147091180845022
1548147091230804920
1548147091280765057
1548147091330724955
1548147091380684853
1548147091430644989
1548147091480604887
1548147091530565023
1548147091580524921
1548147091630484819
1548147091680444956
1548147091730404854
1548147091780364990
1548147091830334902
1548147091880295038
1548147091930254936
1548147091980214834
1548147092030174971
1548147092080134869
1548147092130095005
1548147092180054903
1548147092230014801
1548147092279974937
1548147092329934835
1548147092379894972
1548147092429854870
1548147092479815006
1548147092529774904
1548147092579734802
1548147092629694939
1548147092679664850
1548147092729614973
1548147092779584885
1548147092829545021
1548147092879504919
1548147092929464817
1548147092979424953
1548147093029384851
1548147093079344988
1548147093129304886
1548147093179264784
1548147093229224920
1548147093279184818
1548147093329144955
1548147093379104853
1548147093429064989
1548147093479024887
1548147093528994799
1548147093578944921
1548147093628914833
1548147093678874969
1548147093728834867
1548147093778794765
1548147093828754902
1548147093878714800
1548147093928674936
1548147093978634834
1548147094028594971
1548147094078554869
1548147094128514767
1548147094178474903
1548147094228434801
1548147094278394938
1548147094328354836
1548147094378314972
1548147094428274870
1548147094478244781
1548147094528204918
1548147094578164816
1548147094628124952
1548147094678084850
1548147094728044748
1548147094778004885
1548147094827964783
1548147094877924919
1548147094927884817
1548147094977844954
1548147095027804852
1548147095077764750
1548147095127724886
1548147095177684784
1548147095227644920
1548147095277604818
1548147095327574730
1548147095377524853
1548147095427494764
1548147095477454901
1548147095527414799
1548147095577374935
1548147095627334833
1548147095677294731
1548147095727254868
1548147095777214766
1548147095827174902
1548147095877134800
1548147095927094936
1548147095977054834
1548147096027014732
1548147096076974869
1548147096126934767
1548147096176894903
1548147096226864815
1548147096276824713
1548147096326784849
1548147096376744747
1548147096426704884
1548147096476664782
1548147096526624918
1548147096576584816
1548147096626544714
1548147096676504850
1548147096726464748
1548147096776424885
1548147096826384783
1548147096876344919
1548147096926304817
1548147096976264715
1548147097026224852
1548147097076194763
1548147097126154900
1548147097176114798
1548147097226074696
1548147097276034832
1548147097325994730
1548147097375954866
1548147097425914764
1548147097475874901
1548147097525834799
1548147097575794697
1548147097625754833
1548147097675714731
1548147097725674868
1548147097775634766
1548147097825594664
1548147097875554800
1548147097925514698
1548147097975484848
1548147098025444746
1548147098075404882
1548147098125364780
1548147098175324678
1548147098225284815
1548147098275244713
1548147098325204849
1548147098375164747
1548147098425124645
1548147098475084782
1548147098525044680
1548147098575004816
1548147098624964714
1548147098674924850
1548147098724884748
1548147098774844646
1548147098824804783
1548147098874774694
1548147098924734831
1548147098974694729
1548147099024654865
1548147099074614763
1548147099124574661
1548147099174534798
1548147099224494696
1548147099274454832
1548147099324414730
1548147099374374628
1548147099424334764
1548147099474294662
1548147099524254799
1548147099574214697
1548147099624174833
1548147099674134731
1548147099724094629
1548147099774064779
1548147099824024677
1548147099873984814
1548147099923944712
1548147099973904610
1548147100023864746
1548147100073824644
1548147100123784781
1548147100173744678
1548147100223704815
1548147100273664713
1548147100323624611
1548147100373584747
1548147100423544645
1548147100473504782
1548147100523464680
1548147100573424816
1548147100623384714
1548147100673354626
1548147100723314762
1548147100773274660
1548147100823234797
1548147100873194695
1548147100923154593
1548147100973114729
1548147101023074627
1548147101073034763
1548147101122994661
1548147101172954798
1548147101222914696
1548147101272874594
1548147101322834730
1548147101372794628
1548147101422754765
1548147101472714663
1548147101522684574
1548147101572644711
1548147101622604609
1548147101672564745
1548147101722524643
1548147101772484779
1548147101822444677
1548147101872404575
1548147101922364712
1548147101972324610
1548147102022284746
1548147102072244644
1548147102122204781
1548147102172164679
1548147102222124577
1548147102272084713
1548147102322044611
1548147102372014761
1548147102421964645
1548147102471934557
1548147102521894693
1548147102571854591
1548147102621814728
1548147102671774626
1548147102721734762
1548147102771694660
1548147102821654558
1548147102871614695
1548147102921574593
1548147102971534729
1548147103021494627
1548147103071454763
1548147103121414661
1548147103171374559
1548147103221334696
1548147103271294594
1548147103321264744
1548147103371224642
1548147103421184540
1548147103471144676
1548147103521104574
1548147103571064711
1548147103621024609
1548147103670984745
1548147103720944643
1548147103770904541
1548147103820864677
1548147103870824575
1548147103920784712
1548147103970744610
1548147104020704508
1548147104070664644
1548147104120624542
1548147104170594692
1548147104220554590
1548147104270514727
1548147104320474625
1548147104370434523
1548147104420394659
1548147104470354557
1548147104520314693
1548147104570274591
1548147104620234489
1548147104670194626
1548147104720154524
1548147104770114660
1548147104820074558
1548147104870034695
1548147104919994593
1548147104969954491
1548147105019924641
1548147105069874525
1548147105119844675
1548147105169804573
1548147105219764709
1548147105269724607
1548147105319684505
1548147105369644642
1548147105419604540
1548147105469564676
1548147105519524574
1548147105569484472
1548147105619444609
1548147105669404507
1548147105719364643
1548147105769324541
1548147105819284678
1548147105869244576
1548147105919214487
1548147105969174623
1548147106019134521
1548147106069094658
1548147106119054556
1548147106169014454
1548147106218974590
1548147106268934488
1548147106318894625
1548147106368854523
1548147106418814659
1548147106468774557
1548147106518734455
1548147106568694592
1548147106618654490
1548147106668614626
1548147106718574524
1548147106768534660
1548147106818504572
1548147106868464470
1548147106918424606
1548147106968384504
1548147107018344641
1548147107068304539
1548147107118264437
1548147107168224573
1548147107218184471
1548147107268144608
1548147107318104506
1548147107368064642
1548147107418024540
1548147107467984438
1548147107517944574
1548147107567904472
1548147107617864609
1548147107667824507
1548147107717794418
1548147107767754555
1548147107817714453
1548147107867674589
1548147107917634487
1548147107967594624
1548147108017554522
1548147108067514420
1548147108117474556
1548147108167434454
1548147108217394590
1548147108267354488
1548147108317314625
1548147108367274523
1548147108417234421
1548147108467194557
1548147108517154455
1548147108567124605
1548147108617084503
1548147108667044401
1548147108717004538
1548147108766964436
1548147108816924572
1548147108866884470
1548147108916844606
1548147108966804504
1548147109016764402
1548147109066724539
1548147109116684437
1548147109166644573
1548147109216604471
1548147109266564608
1548147109316524506
1548147109366484404
1548147109416444540
1548147109466404438
1548147109516374588
1548147109566334486
1548147109616294384
1548147109666254520
1548147109716214418
1548147109766174555
1548147109816134453
1548147109866094589
1548147109916054487
1548147109966014385
1548147110015974522
1548147110065934420
1548147110115894556
1548147110165854454
1548147110215814352
1548147110265774488
1548147110315734386
1548147110365704536
1548147110415664434
1548147110465624571
1548147110515584469
1548147110565544367
1548147110615504503
1548147110665464401
1548147110715424538
1548147110765384436
1548147110815344334
1548147110865304470
1548147110915264368
1548147110965224504
1548147111015184402
1548147111065144539
1548147111115104437
1548147111165064335
1548147111215034485
1548147111264984369
1548147111314954519
1548147111364914417
1548147111414874315
1548147111464834452
1548147111514794350
1548147111564754486
1548147111614714384
1548147111664674520
1548147111714634418
1548147111764594316
1548147111814554453
1548147111864514351
1548147111914474487
1548147111964434385
1548147112014394522
1548147112064364433
1548147112114314318
1548147112164284468
1548147112214244366
1548147112264204502
1548147112314164400
1548147112364124298
1548147112414084435
1548147112464044333
1548147112514004469
1548147112563964367
1548147112613924503
1548147112663884401
1548147112713844299
1548147112763804436
1548147112813764334
1548147112863724470
1548147112913684368
1548147112963644505
1548147113013614416
1548147113063574314
1548147113113534451
1548147113163494349
1548147113213454485
1548147113263414383
1548147113313374281
1548147113363334417
1548147113413294315
1548147113463254452
1548147113513214350
1548147113563174486
1548147113613134384
1548147113663094282
1548147113713054419
1548147113763014317
1548147113812974453
1548147113862944365
1548147113912894487
1548147113962864399
1548147114012824297
1548147114062784433
1548147114112744331
1548147114162704468
1548147114212664366
1548147114262624264
1548147114312584400
1548147114362544298
1548147114412504435
1548147114462464333
1548147114512424469
1548147114562384367
1548147114612344265
1548147114662304401
1548147114712274313
1548147114762234449
1548147114812194347
1548147114862154245
1548147114912114382
1548147114962074280
1548147115012034416
1548147115061994314
1548147115111954451
1548147115161914349
1548147115211874247
1548147115261834383
1548147115311794281
1548147115361754417
1548147115411714315
1548147115461674213
1548147115511634350
1548147115561594248
1548147115611564398
1548147115661524296
1548147115711484432
1548147115761444330
1548147115811404228
1548147115861364365
1548147115911324263
1548147115961284399
1548147116011244297
1548147116061204433
1548147116111164331
1548147116161124229
1548147116211084366
1548147116261044264
1548147116311004400
1548147116360964298
1548147116410924196
1548147116460884333
1548147116510854244
1548147116560814381
1548147116610774279
1548147116660734415
1548147116710694313
1548147116760654211
1548147116810614347
1548147116860574245
1548147116910534382
1548147116960494280
1548147117010454178
1548147117060414314
1548147117110374212
1548147117160334349
1548147117210294247
1548147117260254383
1548147117310214281
1548147117360174179
1548147117410144329
1548147117460104227
1548147117510064363
1548147117560024261
1548147117609984159
1548147117659944296
1548147117709904194
1548147117759864330
1548147117809824228
1548147117859784365
1548147117909744263
1548147117959704161
1548147118009664297
1548147118059624195
1548147118109584332
1548147118159544230
1548147118209504366
1548147118259474277
1548147118309434175
1548147118359394312
1548147118409354210
1548147118459314346
1548147118509274244
1548147118559234142
1548147118609194279
1548147118659154177
1548147118709114313
1548147118759074211
1548147118809034348
1548147118858994246
1548147118908954144
1548147118958914280
1548147119008874178
1548147119058834314
1548147119108794212
1548147119158754349
1548147119208724260
1548147119258684158
1548147119308644295
1548147119358604193
1548147119408564329
1548147119458524227
1548147119508484125
1548147119558444262
1548147119608404160
1548147119658364296
1548147119708324194
1548147119758284330
1548147119808244228
1548147119858204126
1548147119908164263
1548147119958124161
1548147120008084297
1548147120058054209
1548147120108014107
1548147120157974243
1548147120207934141
1548147120257894278
1548147120307854176
1548147120357814312
1548147120407774210
1548147120457734108
1548147120507694244
1548147120557654142
1548147120607614279
1548147120657574177
1548147120707534313
1548147120757494211
1548147120807454109
1548147120857414246
1548147120907384157
1548147120957334280
1548147121007304192
1548147121057264090
1548147121107224226
1548147121157184124
1548147121207144260
1548147121257104158
1548147121307064295
1548147121357024193
1548147121406984091
1548147121456944227
1548147121506904125
1548147121556864262
1548147121606824160
1548147121656784058
1548147121706744194
1548147121756704092
1548147121806664228
1548147121856634140
1548147121906594276
1548147121956554174
1548147122006514072
1548147122056474209
1548147122106434107
1548147122156394243
1548147122206354141
1548147122256314278
1548147122306274176
1548147122356234074
1548147122406194210
1548147122456154108
1548147122506114244
1548147122556074142
1548147122606034040
1548147122656004190
1548147122705964088
1548147122755924225
1548147122805884123
1548147122855844259
1548147122905804157
1548147122955764055
1548147123005724192
1548147123055684090
1548147123105644226
1548147123155604124
1548147123205564022
1548147123255524158
1548147123305484056
1548147123355444193
1548147123405404091
1548147123455364227
1548147123505334139
1548147123555294037
1548147123605244160
1548147123655214071
1548147123705174208
1548147123755134106
1548147123805094004
1548147123855054140
1548147123905014038
1548147123954974174
1548147124004934072
1548147124054894209
1548147124104854107
1548147124154814005
1548147124204774141
1548147124254734039
1548147124304694176
